time,data
2024/12/16 19:11:33.144064028,0.0
2024/12/16 19:11:33.244181614,0.0
2024/12/16 19:11:33.346600860,0.0
2024/12/16 19:11:33.444924872,0.0
2024/12/16 19:11:33.544216170,0.0
2024/12/16 19:11:33.642884011,0.0
2024/12/16 19:11:33.743259434,0.0
2024/12/16 19:11:33.844233225,0.0
2024/12/16 19:11:33.955563023,0.0
2024/12/16 19:11:34.43672892,0.0
2024/12/16 19:11:34.145166659,0.0
2024/12/16 19:11:34.244569590,0.0
2024/12/16 19:11:34.343724134,0.0
2024/12/16 19:11:34.443389459,0.0
2024/12/16 19:11:34.543785030,0.0
2024/12/16 19:11:34.643510075,0.0
2024/12/16 19:11:34.744167130,0.0
2024/12/16 19:11:34.843750760,0.0
2024/12/16 19:11:34.945052922,0.0
2024/12/16 19:11:35.44096877,0.0
2024/12/16 19:11:35.140988899,0.0
2024/12/16 19:11:35.242302263,0.0
2024/12/16 19:11:35.341190982,0.0
2024/12/16 19:11:35.443643145,0.0
2024/12/16 19:11:35.542075702,0.0
2024/12/16 19:11:35.642799481,0.0
2024/12/16 19:11:35.743842721,0.0
2024/12/16 19:11:35.843340012,0.0
2024/12/16 19:11:35.947781306,0.0
2024/12/16 19:11:36.41836876,0.0
2024/12/16 19:11:36.143649103,0.0
2024/12/16 19:11:36.242917642,0.0
2024/12/16 19:11:36.343347728,0.0
2024/12/16 19:11:36.444338488,0.0
2024/12/16 19:11:36.543650106,0.0
2024/12/16 19:11:36.642855593,0.0
2024/12/16 19:11:36.742861304,0.0
2024/12/16 19:11:36.842735137,0.0
2024/12/16 19:11:36.945450045,0.0
2024/12/16 19:11:37.43697651,0.0
2024/12/16 19:11:37.143844002,0.0
2024/12/16 19:11:37.243629741,0.0
2024/12/16 19:11:37.342790526,0.0
2024/12/16 19:11:37.443774716,0.0
2024/12/16 19:11:37.543913513,0.0
2024/12/16 19:11:37.641258830,0.0
2024/12/16 19:11:37.743308238,0.0
2024/12/16 19:11:37.842973012,0.0
2024/12/16 19:11:37.941541969,0.0
2024/12/16 19:11:38.49018473,0.0
2024/12/16 19:11:38.141133804,0.0
2024/12/16 19:11:38.244244866,0.0
2024/12/16 19:11:38.343366444,0.0
2024/12/16 19:11:38.443977365,0.0
2024/12/16 19:11:38.543369553,0.0
2024/12/16 19:11:38.643980171,0.0
2024/12/16 19:11:38.743906076,0.0
2024/12/16 19:11:38.847107008,0.0
2024/12/16 19:11:38.947634241,0.0
2024/12/16 19:11:39.43656652,0.0
2024/12/16 19:11:39.143358793,0.0
2024/12/16 19:11:39.243574252,0.0
2024/12/16 19:11:39.342945620,0.0
2024/12/16 19:11:39.443710074,0.0
2024/12/16 19:11:39.543507326,0.0
2024/12/16 19:11:39.643953608,0.0
2024/12/16 19:11:39.743394127,0.0
2024/12/16 19:11:39.843806793,0.0
2024/12/16 19:11:39.944472108,0.0
2024/12/16 19:11:40.43367305,0.0
2024/12/16 19:11:40.142029327,0.0
2024/12/16 19:11:40.240898172,0.0
2024/12/16 19:11:40.341887357,0.0
2024/12/16 19:11:40.441067579,0.0
2024/12/16 19:11:40.541626291,0.0
2024/12/16 19:11:40.641939930,0.0
2024/12/16 19:11:40.745242923,0.0
2024/12/16 19:11:40.841972452,0.0
2024/12/16 19:11:40.944660623,0.0
2024/12/16 19:11:41.44828266,0.0
2024/12/16 19:11:41.143449206,0.0
2024/12/16 19:11:41.244021187,0.0
2024/12/16 19:11:41.343217693,0.0
2024/12/16 19:11:41.443308078,0.0
2024/12/16 19:11:41.542783554,0.0
2024/12/16 19:11:41.643474549,0.0
2024/12/16 19:11:41.743898356,0.0
2024/12/16 19:11:41.842809156,0.0
2024/12/16 19:11:41.944982622,0.0
2024/12/16 19:11:42.44756036,0.0
2024/12/16 19:11:42.143587960,0.0
2024/12/16 19:11:42.243023104,0.0
2024/12/16 19:11:42.344990732,0.0
2024/12/16 19:11:42.444784660,0.0
2024/12/16 19:11:42.543961660,0.0
2024/12/16 19:11:42.643085396,0.0
2024/12/16 19:11:42.741119703,0.0
2024/12/16 19:11:42.842682796,0.0
2024/12/16 19:11:42.943009014,0.0
2024/12/16 19:11:43.40978888,0.0
2024/12/16 19:11:43.146233177,0.0
2024/12/16 19:11:43.241350775,0.0
2024/12/16 19:11:43.343586762,0.0
2024/12/16 19:11:43.444677542,0.0
2024/12/16 19:11:43.544474247,0.0
2024/12/16 19:11:43.644323553,0.0
2024/12/16 19:11:43.744718829,0.0
2024/12/16 19:11:43.843007101,0.0
2024/12/16 19:11:43.946101121,0.0
2024/12/16 19:11:44.43610696,0.0
2024/12/16 19:11:44.143239797,0.0
2024/12/16 19:11:44.243110970,0.0
2024/12/16 19:11:44.343406876,0.0
2024/12/16 19:11:44.444634143,0.0
2024/12/16 19:11:44.544936066,0.0
2024/12/16 19:11:44.644059679,0.0
2024/12/16 19:11:44.743667676,0.0
2024/12/16 19:11:44.844212726,0.0
2024/12/16 19:11:44.945785809,0.0
2024/12/16 19:11:45.43573354,0.0
2024/12/16 19:11:45.146394485,0.0
2024/12/16 19:11:45.242666026,0.0
2024/12/16 19:11:45.342749759,0.0
2024/12/16 19:11:45.442503144,0.0
2024/12/16 19:11:45.541582102,0.0
2024/12/16 19:11:45.643128422,0.0
2024/12/16 19:11:45.741998425,0.0
2024/12/16 19:11:45.845147239,0.0
2024/12/16 19:11:45.945381527,0.0
2024/12/16 19:11:46.44737491,0.0
2024/12/16 19:11:46.146144970,0.0
2024/12/16 19:11:46.244797619,0.0
2024/12/16 19:11:46.346238202,0.0
2024/12/16 19:11:46.444504939,0.0
2024/12/16 19:11:46.547163259,0.0
2024/12/16 19:11:46.645822965,0.0
2024/12/16 19:11:46.745453049,0.0
2024/12/16 19:11:46.843730538,0.0
2024/12/16 19:11:46.945304219,0.0
2024/12/16 19:11:47.46062236,0.0
2024/12/16 19:11:47.143378381,0.0
2024/12/16 19:11:47.244633502,0.0
2024/12/16 19:11:47.343296893,0.0
2024/12/16 19:11:47.444641382,0.0
2024/12/16 19:11:47.545215024,0.0
2024/12/16 19:11:47.643516242,0.0
2024/12/16 19:11:47.744457753,0.0
2024/12/16 19:11:47.841389139,0.0
2024/12/16 19:11:47.942340497,0.0
2024/12/16 19:11:48.42189286,0.0
2024/12/16 19:11:48.141205692,0.0
2024/12/16 19:11:48.242867607,0.0
2024/12/16 19:11:48.345326108,0.0
2024/12/16 19:11:48.443356237,0.0
2024/12/16 19:11:48.543907213,0.0
2024/12/16 19:11:48.644378656,0.0
2024/12/16 19:11:48.743355706,0.0
2024/12/16 19:11:48.843608179,0.0
2024/12/16 19:11:48.945731406,0.0
2024/12/16 19:11:49.45031676,0.0
2024/12/16 19:11:49.145342775,0.0
2024/12/16 19:11:49.243179564,0.0
2024/12/16 19:11:49.345462289,0.0
2024/12/16 19:11:49.444562137,0.0
2024/12/16 19:11:49.545235309,0.0
2024/12/16 19:11:49.645130024,0.0
2024/12/16 19:11:49.746745258,0.0
2024/12/16 19:11:49.844396516,0.0
2024/12/16 19:11:49.945966510,0.0
2024/12/16 19:11:50.43312429,0.0
2024/12/16 19:11:50.143960040,0.0
2024/12/16 19:11:50.243658110,0.0
2024/12/16 19:11:50.342230954,0.0
2024/12/16 19:11:50.442249970,0.0
2024/12/16 19:11:50.542792527,0.0
2024/12/16 19:11:50.644293762,0.0
2024/12/16 19:11:50.747052341,0.0
2024/12/16 19:11:50.841790257,0.0
2024/12/16 19:11:50.945561811,0.0
2024/12/16 19:11:51.46462287,0.0
2024/12/16 19:11:51.144462599,0.0
2024/12/16 19:11:51.243442823,0.0
2024/12/16 19:11:51.344604281,0.0
2024/12/16 19:11:51.443583340,0.0
2024/12/16 19:11:51.544152896,0.0
2024/12/16 19:11:51.644446946,0.0
2024/12/16 19:11:51.743302655,0.0
2024/12/16 19:11:51.844342509,0.0
2024/12/16 19:11:51.945701812,0.0
2024/12/16 19:11:52.46958432,0.0
2024/12/16 19:11:52.145439138,0.0
2024/12/16 19:11:52.246020400,0.0
2024/12/16 19:11:52.344914341,0.0
2024/12/16 19:11:52.444188577,0.0
2024/12/16 19:11:52.544468497,0.0
2024/12/16 19:11:52.644529438,0.0
2024/12/16 19:11:52.746017613,0.0
2024/12/16 19:11:52.848680711,0.0
2024/12/16 19:11:52.941841604,0.0
2024/12/16 19:11:53.45717868,0.0
2024/12/16 19:11:53.142077010,0.0
2024/12/16 19:11:53.241249131,0.0
2024/12/16 19:11:53.347333597,0.0
2024/12/16 19:11:53.441851143,0.0
2024/12/16 19:11:53.543799159,0.0
2024/12/16 19:11:53.644914558,0.0
2024/12/16 19:11:53.743514090,0.0
2024/12/16 19:11:53.843560131,0.0
2024/12/16 19:11:53.945925566,0.0
2024/12/16 19:11:54.44957460,0.0
2024/12/16 19:11:54.143779262,0.0
2024/12/16 19:11:54.243579995,0.0
2024/12/16 19:11:54.344481688,0.0
2024/12/16 19:11:54.444477756,0.0
2024/12/16 19:11:54.545708202,0.0
2024/12/16 19:11:54.644067288,0.0
2024/12/16 19:11:54.746372833,20304.054485031545
2024/12/16 19:11:54.845172070,16652.2696574258
2024/12/16 19:11:54.947717763,16510.719824685595
2024/12/16 19:11:55.42486329,16115.41281579535
2024/12/16 19:11:55.145316312,15805.465738362447
2024/12/16 19:11:55.246911744,15385.192009084958
2024/12/16 19:11:55.344929743,14994.666500851594
2024/12/16 19:11:55.442744884,14639.983055046509
2024/12/16 19:11:55.545190460,14299.698870680724
2024/12/16 19:11:55.643448268,14040.25862200745
2024/12/16 19:11:55.747140184,13564.010437142106
2024/12/16 19:11:55.843354555,13195.328553675312
2024/12/16 19:11:55.943958103,12792.04084863271
2024/12/16 19:11:56.42409522,12410.644492678264
2024/12/16 19:11:56.145288329,12049.001268393507
2024/12/16 19:11:56.245650801,11653.70586301872
2024/12/16 19:11:56.344464327,11285.664004856386
2024/12/16 19:11:56.446272312,10911.125081874312
2024/12/16 19:11:56.545510114,10537.098707786701
2024/12/16 19:11:56.645241193,10165.905320655753
2024/12/16 19:11:56.744426201,9785.79017558582
2024/12/16 19:11:56.844050087,9421.171586132472
2024/12/16 19:11:56.946213286,9053.351835382693
2024/12/16 19:11:57.43486588,8657.865397611296
2024/12/16 19:11:57.146815579,8288.030820011996
2024/12/16 19:11:57.244219361,7929.307534753704
2024/12/16 19:11:57.345200786,7559.702638181668
2024/12/16 19:11:57.444222606,7178.222732952045
2024/12/16 19:11:57.545334214,6797.13948721759
2024/12/16 19:11:57.644190983,6435.313260379562
2024/12/16 19:11:57.744548440,6064.128816727763
2024/12/16 19:11:57.845564589,5686.739627168669
2024/12/16 19:11:57.952237157,5308.30494202131
2024/12/16 19:11:58.42201406,4925.9816303215475
2024/12/16 19:11:58.142281249,4572.003405272218
2024/12/16 19:11:58.242579562,4195.870437925682
2024/12/16 19:11:58.343667536,3823.2002893470326
2024/12/16 19:11:58.447672968,3455.7065395189475
2024/12/16 19:11:58.542220692,3081.103184052819
2024/12/16 19:11:58.646452300,2672.267820498203
2024/12/16 19:11:58.745523636,2227.0800394420517
2024/12/16 19:11:58.846137219,1809.586324234189
2024/12/16 19:11:58.946088858,1330.7380603757042
2024/12/16 19:11:59.43411268,852.2354214745255
2024/12/16 19:11:59.147768080,389.4796305452138
2024/12/16 19:11:59.245944374,312.1998103567627
2024/12/16 19:11:59.344889880,316.16888627847635
2024/12/16 19:11:59.445573780,246.85282407640236
2024/12/16 19:11:59.545241102,143.01333889619028
2024/12/16 19:11:59.644940947,74.12155479785133
2024/12/16 19:11:59.745126904,99.67984615912647
2024/12/16 19:11:59.844227379,0.0
2024/12/16 19:11:59.945598995,0.0
2024/12/16 19:12:00.44680734,0.0
2024/12/16 19:12:00.145446230,0.0
2024/12/16 19:12:00.243723895,0.0
2024/12/16 19:12:00.344207664,0.0
2024/12/16 19:12:00.443910541,0.0
2024/12/16 19:12:00.547665388,0.0
2024/12/16 19:12:00.642550412,0.0
2024/12/16 19:12:00.742789519,0.0
2024/12/16 19:12:00.843011209,0.0
2024/12/16 19:12:00.941962812,0.0
2024/12/16 19:12:01.42160339,0.0
2024/12/16 19:12:01.144809596,0.0
2024/12/16 19:12:01.244660615,0.0
2024/12/16 19:12:01.344684195,0.0
2024/12/16 19:12:01.445354145,0.0
2024/12/16 19:12:01.544705147,0.0
2024/12/16 19:12:01.646103103,0.0
2024/12/16 19:12:01.746602903,0.0
2024/12/16 19:12:01.844290007,0.0
2024/12/16 19:12:01.946948152,0.0
2024/12/16 19:12:02.44114309,0.0
2024/12/16 19:12:02.144855009,0.0
2024/12/16 19:12:02.243922239,0.0
2024/12/16 19:12:02.345239428,0.0
2024/12/16 19:12:02.445039718,0.0
2024/12/16 19:12:02.544094221,0.0
2024/12/16 19:12:02.644774296,0.0
2024/12/16 19:12:02.744146672,0.0
2024/12/16 19:12:02.843969915,0.0
2024/12/16 19:12:02.945560477,0.0
2024/12/16 19:12:03.45450502,0.0
2024/12/16 19:12:03.142823219,0.0
2024/12/16 19:12:03.242525530,0.0
2024/12/16 19:12:03.342364911,0.0
2024/12/16 19:12:03.441949818,0.0
2024/12/16 19:12:03.551170091,0.0
2024/12/16 19:12:03.642923946,0.0
2024/12/16 19:12:03.747163680,0.0
2024/12/16 19:12:03.844766476,0.0
2024/12/16 19:12:03.946390884,0.0
2024/12/16 19:12:04.44090800,0.0
2024/12/16 19:12:04.144434739,0.0
2024/12/16 19:12:04.243903735,0.0
2024/12/16 19:12:04.344525591,0.0
2024/12/16 19:12:04.444860530,0.0
2024/12/16 19:12:04.546098781,0.0
2024/12/16 19:12:04.644929618,0.0
2024/12/16 19:12:04.745843164,0.0
2024/12/16 19:12:04.845396409,0.0
2024/12/16 19:12:04.947868861,0.0
2024/12/16 19:12:05.44660843,0.0
2024/12/16 19:12:05.144086133,0.0
2024/12/16 19:12:05.243947082,0.0
2024/12/16 19:12:05.346712081,0.0
2024/12/16 19:12:05.444333305,0.0
2024/12/16 19:12:05.545108508,0.0
2024/12/16 19:12:05.646075474,0.0
2024/12/16 19:12:05.742361486,0.0
2024/12/16 19:12:05.843341776,0.0
2024/12/16 19:12:05.942375076,0.0
2024/12/16 19:12:06.42003484,0.0
2024/12/16 19:12:06.147362312,0.0
2024/12/16 19:12:06.242795170,0.0
2024/12/16 19:12:06.344300942,0.0
2024/12/16 19:12:06.444682282,0.0
2024/12/16 19:12:06.545745327,0.0
2024/12/16 19:12:06.645666279,0.0
2024/12/16 19:12:06.746360348,0.0
2024/12/16 19:12:06.846081775,0.0
2024/12/16 19:12:06.949204135,0.0
2024/12/16 19:12:07.45311579,0.0
2024/12/16 19:12:07.145001903,121.78092455416228
2024/12/16 19:12:07.245079577,121.74267433925773
2024/12/16 19:12:07.346124044,118.15030660941733
2024/12/16 19:12:07.444256139,0.0
2024/12/16 19:12:07.543996768,0.0
2024/12/16 19:12:07.644187328,0.0
2024/12/16 19:12:07.747557992,0.0
2024/12/16 19:12:07.845090652,0.0
2024/12/16 19:12:07.946531141,0.0
2024/12/16 19:12:08.45808011,0.0
2024/12/16 19:12:08.144338981,0.0
2024/12/16 19:12:08.245547687,0.0
2024/12/16 19:12:08.342591254,0.0
2024/12/16 19:12:08.442744830,0.0
2024/12/16 19:12:08.542625877,0.0
2024/12/16 19:12:08.642580164,0.0
2024/12/16 19:12:08.743775918,0.0
2024/12/16 19:12:08.844703894,0.0
2024/12/16 19:12:08.945785539,0.0
2024/12/16 19:12:09.46186783,0.0
2024/12/16 19:12:09.147355968,0.0
2024/12/16 19:12:09.244061151,0.0
2024/12/16 19:12:09.344334302,0.0
2024/12/16 19:12:09.447107223,0.0
2024/12/16 19:12:09.545229814,0.0
2024/12/16 19:12:09.645119565,0.0
2024/12/16 19:12:09.745719907,0.0
2024/12/16 19:12:09.845700329,0.0
2024/12/16 19:12:09.947081831,0.0
2024/12/16 19:12:10.45054759,0.0
2024/12/16 19:12:10.145852067,0.0
2024/12/16 19:12:10.246851654,0.0
2024/12/16 19:12:10.345984017,0.0
2024/12/16 19:12:10.445709698,0.0
2024/12/16 19:12:10.545859871,0.0
2024/12/16 19:12:10.645001666,0.0
2024/12/16 19:12:10.746203006,0.0
2024/12/16 19:12:10.842873393,0.0
2024/12/16 19:12:10.942747920,0.0
2024/12/16 19:12:11.42306591,0.0
2024/12/16 19:12:11.142269165,0.0
2024/12/16 19:12:11.244609698,0.0
2024/12/16 19:12:11.342743440,0.0
2024/12/16 19:12:11.444816677,0.0
2024/12/16 19:12:11.544285640,0.0
2024/12/16 19:12:11.644443307,0.0
2024/12/16 19:12:11.745092259,0.0
2024/12/16 19:12:11.844661235,0.0
2024/12/16 19:12:11.946883732,0.0
2024/12/16 19:12:12.46384176,0.0
2024/12/16 19:12:12.144389249,0.0
2024/12/16 19:12:12.244264948,0.0
2024/12/16 19:12:12.346086771,0.0
2024/12/16 19:12:12.444410146,0.0
2024/12/16 19:12:12.544274292,0.0
2024/12/16 19:12:12.644763998,0.0
2024/12/16 19:12:12.744365678,0.0
2024/12/16 19:12:12.844283963,0.0
2024/12/16 19:12:12.946062394,0.0
2024/12/16 19:12:13.46318162,0.0
2024/12/16 19:12:13.144623371,0.0
2024/12/16 19:12:13.245757178,0.0
2024/12/16 19:12:13.348713249,0.0
2024/12/16 19:12:13.443610393,0.0
2024/12/16 19:12:13.543257959,0.0
2024/12/16 19:12:13.644125707,0.0
2024/12/16 19:12:13.743502690,0.0
2024/12/16 19:12:13.849626268,0.0
2024/12/16 19:12:13.943518834,0.0
2024/12/16 19:12:14.45233781,0.0
2024/12/16 19:12:14.145676057,0.0
2024/12/16 19:12:14.246721752,0.0
2024/12/16 19:12:14.345376210,0.0
2024/12/16 19:12:14.446890300,0.0
2024/12/16 19:12:14.548872512,0.0
2024/12/16 19:12:14.644974602,0.0
2024/12/16 19:12:14.746593227,0.0
2024/12/16 19:12:14.845017183,0.0
2024/12/16 19:12:14.950289486,0.0
2024/12/16 19:12:15.44070467,0.0
2024/12/16 19:12:15.145874323,0.0
2024/12/16 19:12:15.245002615,0.0
2024/12/16 19:12:15.345311529,0.0
2024/12/16 19:12:15.444528908,0.0
2024/12/16 19:12:15.544681825,0.0
2024/12/16 19:12:15.646016217,0.0
2024/12/16 19:12:15.744967031,0.0
2024/12/16 19:12:15.846663282,0.0
2024/12/16 19:12:15.943144048,0.0
2024/12/16 19:12:16.42321033,0.0
2024/12/16 19:12:16.143379144,0.0
2024/12/16 19:12:16.243461427,0.0
2024/12/16 19:12:16.344833343,0.0
2024/12/16 19:12:16.443559603,0.0
2024/12/16 19:12:16.545389849,0.0
2024/12/16 19:12:16.644792602,0.0
2024/12/16 19:12:16.746031769,0.0
2024/12/16 19:12:16.844870984,0.0
2024/12/16 19:12:16.949141489,0.0
2024/12/16 19:12:17.44999038,0.0
2024/12/16 19:12:17.145871913,0.0
2024/12/16 19:12:17.244477341,0.0
2024/12/16 19:12:17.345343974,0.0
2024/12/16 19:12:17.445099114,0.0
2024/12/16 19:12:17.546677159,0.0
2024/12/16 19:12:17.645714571,0.0
2024/12/16 19:12:17.744895682,0.0
2024/12/16 19:12:17.845515464,0.0
2024/12/16 19:12:17.947095605,0.0
2024/12/16 19:12:18.46172292,0.0
2024/12/16 19:12:18.145958147,0.0
2024/12/16 19:12:18.245936817,0.0
2024/12/16 19:12:18.345368909,0.0
2024/12/16 19:12:18.445164312,0.0
2024/12/16 19:12:18.542537353,0.0
2024/12/16 19:12:18.644669517,0.0
2024/12/16 19:12:18.743392241,0.0
2024/12/16 19:12:18.842468371,0.0
2024/12/16 19:12:18.948037764,0.0
2024/12/16 19:12:19.42988250,0.0
2024/12/16 19:12:19.144602045,0.0
2024/12/16 19:12:19.246701052,0.0
2024/12/16 19:12:19.345395187,0.0
2024/12/16 19:12:19.445371341,0.0
2024/12/16 19:12:19.546015197,0.0
2024/12/16 19:12:19.646543028,0.0
2024/12/16 19:12:19.746065775,0.0
2024/12/16 19:12:19.844372279,0.0
2024/12/16 19:12:19.948157509,0.0
2024/12/16 19:12:20.46189654,0.0
2024/12/16 19:12:20.146291318,0.0
2024/12/16 19:12:20.245790132,0.0
2024/12/16 19:12:20.344853993,0.0
2024/12/16 19:12:20.445370661,0.0
2024/12/16 19:12:20.549657526,0.0
2024/12/16 19:12:20.646829773,0.0
2024/12/16 19:12:20.744673498,0.0
2024/12/16 19:12:20.845374555,0.0
2024/12/16 19:12:20.948893588,0.0
2024/12/16 19:12:21.44567991,0.0
2024/12/16 19:12:21.142673430,0.0
2024/12/16 19:12:21.243623383,0.0
2024/12/16 19:12:21.343642966,0.0
2024/12/16 19:12:21.442572402,0.0
2024/12/16 19:12:21.549008600,0.0
2024/12/16 19:12:21.647887154,0.0
2024/12/16 19:12:21.748142827,0.0
2024/12/16 19:12:21.847443556,0.0
2024/12/16 19:12:21.946975568,0.0
2024/12/16 19:12:22.45473608,0.0
2024/12/16 19:12:22.146246287,0.0
2024/12/16 19:12:22.245892844,0.0
2024/12/16 19:12:22.346744552,0.0
2024/12/16 19:12:22.444525128,0.0
2024/12/16 19:12:22.544716151,0.0
2024/12/16 19:12:22.644584024,0.0
2024/12/16 19:12:22.748699115,0.0
2024/12/16 19:12:22.845805908,0.0
2024/12/16 19:12:22.946937649,0.0
2024/12/16 19:12:23.47173370,0.0
2024/12/16 19:12:23.146343027,0.0
2024/12/16 19:12:23.244782673,0.0
2024/12/16 19:12:23.345425064,0.0
2024/12/16 19:12:23.444784572,0.0
2024/12/16 19:12:23.546161040,0.0
2024/12/16 19:12:23.642785955,0.0
2024/12/16 19:12:23.743640210,0.0
2024/12/16 19:12:23.843598723,0.0
2024/12/16 19:12:23.943001021,0.0
2024/12/16 19:12:24.43433602,0.0
2024/12/16 19:12:24.143538880,0.0
2024/12/16 19:12:24.248360297,0.0
2024/12/16 19:12:24.347180862,0.0
2024/12/16 19:12:24.448239179,0.0
2024/12/16 19:12:24.545921352,-62.65317392068117
2024/12/16 19:12:24.647349821,-67.08703073190901
2024/12/16 19:12:24.748830662,-129.3725028004361
2024/12/16 19:12:24.850156109,-146.10545636656516
2024/12/16 19:12:24.948530501,-154.31769869126862
2024/12/16 19:12:25.48038244,-157.79920623305281
2024/12/16 19:12:25.147249561,-157.9058287864572
2024/12/16 19:12:25.247707376,-116.58670838541009
2024/12/16 19:12:25.347226838,-101.82383301297887
2024/12/16 19:12:25.448223408,0.0
2024/12/16 19:12:25.546046196,0.0
2024/12/16 19:12:25.647535398,-126.55044966633345
2024/12/16 19:12:25.748762287,-190.04328875637884
2024/12/16 19:12:25.845543029,-226.19315587886734
2024/12/16 19:12:25.952548930,-241.75218028814362
2024/12/16 19:12:26.47437479,-244.05204674814033
2024/12/16 19:12:26.145938789,-174.13308496532454
2024/12/16 19:12:26.243828192,-174.75367952120257
2024/12/16 19:12:26.343210281,-151.45768240973686
2024/12/16 19:12:26.444440680,-125.83333522615209
2024/12/16 19:12:26.542972017,0.0
2024/12/16 19:12:26.654634750,95.1699570898613
2024/12/16 19:12:26.744379279,190.8975971910394
2024/12/16 19:12:26.847571351,264.3571386391124
2024/12/16 19:12:26.948446908,256.2687672710345
2024/12/16 19:12:27.44415588,358.59707345997634
2024/12/16 19:12:27.147276581,323.24776787319445
2024/12/16 19:12:27.247130415,248.8558140421443
2024/12/16 19:12:27.346775894,230.26908323937792
2024/12/16 19:12:27.446551990,201.79386777561817
2024/12/16 19:12:27.548584952,0.0
2024/12/16 19:12:27.647514102,-117.43170148861495
2024/12/16 19:12:27.746358821,-262.09547389258057
2024/12/16 19:12:27.847233712,-381.22331840291145
2024/12/16 19:12:27.947983581,-488.5283238435602
2024/12/16 19:12:28.45860822,-550.8031030020275
2024/12/16 19:12:28.147352568,-559.019608243977
2024/12/16 19:12:28.247704778,-550.9803387471942
2024/12/16 19:12:28.347870215,-546.8621322872178
2024/12/16 19:12:28.446849086,428.82384744625614
2024/12/16 19:12:28.547276143,293.82028241644605
2024/12/16 19:12:28.647083266,315.09159152264334
2024/12/16 19:12:28.745673455,244.75061265854993
2024/12/16 19:12:28.843009713,-322.80112959370024
2024/12/16 19:12:28.944752644,-259.2259646610795
2024/12/16 19:12:29.45052714,-233.23304123180063
2024/12/16 19:12:29.143312725,-200.8353158567031
2024/12/16 19:12:29.243829588,-196.2729674700807
2024/12/16 19:12:29.346058119,-382.07669909065
2024/12/16 19:12:29.446288867,-418.87714237872143
2024/12/16 19:12:29.550026648,-387.22664931617896
2024/12/16 19:12:29.649039200,-197.37961239556964
2024/12/16 19:12:29.747967599,10.308879487844111
2024/12/16 19:12:29.847934941,-138.10755467042756
2024/12/16 19:12:29.954328710,-161.0942425654622
2024/12/16 19:12:30.48346213,-178.3825326025065
2024/12/16 19:12:30.146067295,-191.3551466220523
2024/12/16 19:12:30.246308505,-195.9582327137981
2024/12/16 19:12:30.346293803,-190.4221468494363
2024/12/16 19:12:30.446448305,-189.9418617665389
2024/12/16 19:12:30.548294897,-133.4350424548802
2024/12/16 19:12:30.646854611,-126.96399503389614
2024/12/16 19:12:30.747036126,-159.12711902668048
2024/12/16 19:12:30.848371205,-167.1717775685823
2024/12/16 19:12:30.949386759,-156.64158328378116
2024/12/16 19:12:31.45288599,-233.86754415815204
2024/12/16 19:12:31.155411460,-329.8711800703697
2024/12/16 19:12:31.248042997,-379.05124641268696
2024/12/16 19:12:31.343462994,-365.53539848716474
2024/12/16 19:12:31.445500887,-250.51172730408007
2024/12/16 19:12:31.546451254,-97.35065917263184
2024/12/16 19:12:31.643115412,-40.77459763554855
2024/12/16 19:12:31.756048337,-177.64896062660407
2024/12/16 19:12:31.844652714,-174.85482968985076
2024/12/16 19:12:31.948877282,-251.02045663495377
2024/12/16 19:12:32.46330525,0.0
2024/12/16 19:12:32.144896722,0.0
2024/12/16 19:12:32.245217363,0.0
2024/12/16 19:12:32.348644707,0.0
2024/12/16 19:12:32.446076192,0.0
2024/12/16 19:12:32.547274876,-158.97378534531467
2024/12/16 19:12:32.647054119,-207.06389571200037
2024/12/16 19:12:32.748656831,-468.23788096200826
2024/12/16 19:12:32.848002574,-467.0001137780572
2024/12/16 19:12:32.948841350,-116.06194998366607
2024/12/16 19:12:33.47787909,670.5875787127518
2024/12/16 19:12:33.145139560,379.0633719313144
2024/12/16 19:12:33.247149150,368.8773704995668
2024/12/16 19:12:33.346526021,354.5500308215154
2024/12/16 19:12:33.446895596,318.80106345671885
2024/12/16 19:12:33.546005681,214.5105719251981
2024/12/16 19:12:33.645888611,-34.88118746885384
2024/12/16 19:12:33.746340594,0.0
2024/12/16 19:12:33.848030995,0.0
2024/12/16 19:12:33.943707141,0.0
2024/12/16 19:12:34.43604977,0.0
2024/12/16 19:12:34.143585579,0.0
2024/12/16 19:12:34.243070490,0.0
2024/12/16 19:12:34.349669950,0.0
2024/12/16 19:12:34.443198062,-377.8794619161829
2024/12/16 19:12:34.548036446,-361.8690005095292
2024/12/16 19:12:34.648431135,-523.0815740630624
2024/12/16 19:12:34.748358739,-575.5414422227378
2024/12/16 19:12:34.848510542,-452.05131252072016
2024/12/16 19:12:34.949153093,-412.7347358283399
2024/12/16 19:12:35.47685345,0.0
2024/12/16 19:12:35.146016533,164.88314848792263
2024/12/16 19:12:35.245912540,182.5810582575868
2024/12/16 19:12:35.347336550,182.70456270312343
2024/12/16 19:12:35.446298818,141.90074449352738
2024/12/16 19:12:35.546278571,116.02693445937769
2024/12/16 19:12:35.645228073,98.12420912334784
2024/12/16 19:12:35.746670580,175.50882587072812
2024/12/16 19:12:35.846875585,-263.9279868636473
2024/12/16 19:12:35.953588070,-284.177870615132
2024/12/16 19:12:36.46920197,-285.82899465513805
2024/12/16 19:12:36.146812667,-231.1828812522884
2024/12/16 19:12:36.249352010,-195.07197305333946
2024/12/16 19:12:36.347991578,0.0
2024/12/16 19:12:36.443258141,0.0
2024/12/16 19:12:36.544814581,0.0
2024/12/16 19:12:36.644573047,0.0
2024/12/16 19:12:36.745519047,0.0
2024/12/16 19:12:36.844315397,0.0
2024/12/16 19:12:36.944923427,0.0
2024/12/16 19:12:37.47262558,-178.17122582156753
2024/12/16 19:12:37.146852845,-151.6352306607591
2024/12/16 19:12:37.246818031,-279.460972115739
2024/12/16 19:12:37.348326395,-165.1792988434829
2024/12/16 19:12:37.448751176,-71.37762440500653
2024/12/16 19:12:37.548741554,-136.07746849631363
2024/12/16 19:12:37.648504658,0.0
2024/12/16 19:12:37.748921625,0.0
2024/12/16 19:12:37.846195240,0.0
2024/12/16 19:12:37.947537620,0.0
2024/12/16 19:12:38.47400299,0.0
2024/12/16 19:12:38.147225693,0.0
2024/12/16 19:12:38.247388765,0.0
2024/12/16 19:12:38.346664342,0.0
2024/12/16 19:12:38.445663001,0.0
2024/12/16 19:12:38.545282971,0.0
2024/12/16 19:12:38.646148237,0.0
2024/12/16 19:12:38.748069687,0.0
2024/12/16 19:12:38.845513393,0.0
2024/12/16 19:12:38.947384416,0.0
2024/12/16 19:12:39.43203198,0.0
2024/12/16 19:12:39.144641018,0.0
2024/12/16 19:12:39.245065204,0.0
2024/12/16 19:12:39.343192283,0.0
2024/12/16 19:12:39.451640990,0.0
2024/12/16 19:12:39.543958107,0.0
2024/12/16 19:12:39.646111280,0.0
2024/12/16 19:12:39.745353316,0.0
2024/12/16 19:12:39.845551857,0.0
2024/12/16 19:12:39.948287196,0.0
2024/12/16 19:12:40.46476403,0.0
2024/12/16 19:12:40.148676980,0.0
2024/12/16 19:12:40.246355216,0.0
2024/12/16 19:12:40.347280800,0.0
2024/12/16 19:12:40.449429025,0.0
2024/12/16 19:12:40.549038386,110.566077048069
2024/12/16 19:12:40.646813634,94.82635858522193
2024/12/16 19:12:40.747383403,118.40070725761531
2024/12/16 19:12:40.848059331,0.0
2024/12/16 19:12:40.948443092,0.0
2024/12/16 19:12:41.47399508,0.0
2024/12/16 19:12:41.145330446,0.0
2024/12/16 19:12:41.246804143,0.0
2024/12/16 19:12:41.348100459,243.6721858253696
2024/12/16 19:12:41.447970758,269.1360523879716
2024/12/16 19:12:41.548341518,286.3818817505608
2024/12/16 19:12:41.644965316,501.79316312004687
2024/12/16 19:12:41.746571567,566.1943174374071
2024/12/16 19:12:41.843965869,562.9633561379939
2024/12/16 19:12:41.946151181,380.4691470498732
2024/12/16 19:12:42.44591816,-558.2692647625881
2024/12/16 19:12:42.147287687,-326.43141982195897
2024/12/16 19:12:42.245851646,-272.3490906945047
2024/12/16 19:12:42.346989941,-246.00426786893217
2024/12/16 19:12:42.450101179,-209.48574829338565
2024/12/16 19:12:42.548086891,-154.3789723760186
2024/12/16 19:12:42.646078050,-102.45922978591076
2024/12/16 19:12:42.746778551,-120.43488935955286
2024/12/16 19:12:42.847020820,-118.17910928994405
2024/12/16 19:12:42.948903644,0.0
2024/12/16 19:12:43.46180062,0.0
2024/12/16 19:12:43.145124415,0.0
2024/12/16 19:12:43.246890726,395.0778662922974
2024/12/16 19:12:43.348151959,487.146703777058
2024/12/16 19:12:43.448590034,609.7703164401111
2024/12/16 19:12:43.549169153,0.0
2024/12/16 19:12:43.647178320,-207.9493567601555
2024/12/16 19:12:43.747661793,-229.10852385813493
2024/12/16 19:12:43.845956082,-225.5943061929544
2024/12/16 19:12:43.947685827,-183.59621594313637
2024/12/16 19:12:44.46981363,-153.23243198608037
2024/12/16 19:12:44.143557574,-107.84406234336046
2024/12/16 19:12:44.244675489,-94.59299778414128
2024/12/16 19:12:44.345348820,0.0
2024/12/16 19:12:44.443443793,0.0
2024/12/16 19:12:44.558122969,668.4414759141102
2024/12/16 19:12:44.644189748,598.7985610118482
2024/12/16 19:12:44.748475058,816.5891415009963
2024/12/16 19:12:44.848128911,0.0
2024/12/16 19:12:44.950031036,-264.87171440471246
2024/12/16 19:12:45.44029835,-404.4268238935716
2024/12/16 19:12:45.146292793,-405.3135017804194
2024/12/16 19:12:45.247420556,-312.72926510867234
2024/12/16 19:12:45.346897883,-150.80091775152684
2024/12/16 19:12:45.445663039,-51.24736551367098
2024/12/16 19:12:45.546541782,0.0
2024/12/16 19:12:45.647008512,0.0
2024/12/16 19:12:45.745661692,0.0
2024/12/16 19:12:45.845746169,0.0
2024/12/16 19:12:45.947253808,0.0
2024/12/16 19:12:46.47710520,0.0
2024/12/16 19:12:46.146969314,0.0
2024/12/16 19:12:46.246581437,0.0
2024/12/16 19:12:46.349382633,0.0
2024/12/16 19:12:46.445472471,0.0
2024/12/16 19:12:46.547542438,0.0
2024/12/16 19:12:46.647149610,448.94811344949403
2024/12/16 19:12:46.748077581,396.54264580240823
2024/12/16 19:12:46.845759647,728.1342419329593
2024/12/16 19:12:46.943967328,768.849717612848
2024/12/16 19:12:47.45714252,558.222389979907
2024/12/16 19:12:47.149547274,303.69389700110355
2024/12/16 19:12:47.248680530,312.62425811868985
2024/12/16 19:12:47.347470264,-346.33761826631735
2024/12/16 19:12:47.447905444,-225.66896712897585
2024/12/16 19:12:47.545776384,-232.77176791004396
2024/12/16 19:12:47.645788437,-209.3284420005269
2024/12/16 19:12:47.746554169,-146.93701847798417
2024/12/16 19:12:47.845725655,-121.76974841393448
2024/12/16 19:12:47.948735159,-86.47642237475205
2024/12/16 19:12:48.47659117,0.0
2024/12/16 19:12:48.146669419,0.0
2024/12/16 19:12:48.246484917,0.0
2024/12/16 19:12:48.345772039,0.0
2024/12/16 19:12:48.447405863,0.0
2024/12/16 19:12:48.548786382,238.64070198508566
2024/12/16 19:12:48.648244071,194.26069310859444
2024/12/16 19:12:48.749344833,161.85549865199215
2024/12/16 19:12:48.849191982,280.4712895615213
2024/12/16 19:12:48.950656367,0.0
2024/12/16 19:12:49.48315676,0.0
2024/12/16 19:12:49.146431543,0.0
2024/12/16 19:12:49.243890749,0.0
2024/12/16 19:12:49.345167637,0.0
2024/12/16 19:12:49.445086254,0.0
2024/12/16 19:12:49.544004997,0.0
2024/12/16 19:12:49.646335243,0.0
2024/12/16 19:12:49.746478401,0.0
2024/12/16 19:12:49.845703875,0.0
2024/12/16 19:12:49.948608807,0.0
2024/12/16 19:12:50.44505570,0.0
2024/12/16 19:12:50.145805584,0.0
2024/12/16 19:12:50.246223743,0.0
2024/12/16 19:12:50.345943649,0.0
2024/12/16 19:12:50.446444188,0.0
2024/12/16 19:12:50.546177120,0.0
2024/12/16 19:12:50.647340157,0.0
2024/12/16 19:12:50.746081702,0.0
2024/12/16 19:12:50.846924492,0.0
2024/12/16 19:12:50.948316912,0.0
2024/12/16 19:12:51.45507612,0.0
2024/12/16 19:12:51.147016974,0.0
2024/12/16 19:12:51.247153070,0.0
2024/12/16 19:12:51.346720477,0.0
2024/12/16 19:12:51.449843695,0.0
2024/12/16 19:12:51.546886446,0.0
2024/12/16 19:12:51.647878663,0.0
2024/12/16 19:12:51.746670944,0.0
2024/12/16 19:12:51.845020047,0.0
2024/12/16 19:12:51.947349417,0.0
2024/12/16 19:12:52.46383942,0.0
2024/12/16 19:12:52.143719527,0.0
2024/12/16 19:12:52.249763874,0.0
2024/12/16 19:12:52.344735500,0.0
2024/12/16 19:12:52.448526274,0.0
2024/12/16 19:12:52.547569761,0.0
2024/12/16 19:12:52.647658401,0.0
2024/12/16 19:12:52.748474978,-61.620761271528
2024/12/16 19:12:52.847900345,-157.60055556806714
2024/12/16 19:12:52.952025239,-149.9484766746421
2024/12/16 19:12:53.51350935,-145.57464514291706
2024/12/16 19:12:53.148257827,-239.67472503244989
2024/12/16 19:12:53.247502336,-252.17937247258462
2024/12/16 19:12:53.348104327,-241.2094245429266
2024/12/16 19:12:53.449430824,-158.9595261902389
2024/12/16 19:12:53.549381046,-84.35865555249222
2024/12/16 19:12:53.648934330,-88.21591396472682
2024/12/16 19:12:53.749682189,-139.0337408702217
2024/12/16 19:12:53.848766872,-122.22860116074983
2024/12/16 19:12:53.949296266,-141.96789812000168
2024/12/16 19:12:54.47162998,-108.63235584678635
2024/12/16 19:12:54.148909629,-148.70516744470999
2024/12/16 19:12:54.248094907,-142.48711891954565
2024/12/16 19:12:54.345415293,0.0
2024/12/16 19:12:54.444994889,0.0
2024/12/16 19:12:54.545321451,0.0
2024/12/16 19:12:54.644951567,0.0
2024/12/16 19:12:54.749147419,0.0
2024/12/16 19:12:54.846371164,-112.56828886216002
2024/12/16 19:12:54.955182260,-116.65066203482174
2024/12/16 19:12:55.47541656,-170.99131891319408
2024/12/16 19:12:55.149014644,-187.4262613159221
2024/12/16 19:12:55.248396005,0.0
2024/12/16 19:12:55.346862685,0.0
2024/12/16 19:12:55.447817453,121.84979331282972
2024/12/16 19:12:55.548207739,128.9765705420617
2024/12/16 19:12:55.646906757,100.21715472856751
2024/12/16 19:12:55.747348470,81.90280069187527
2024/12/16 19:12:55.846550062,128.93825469670185
2024/12/16 19:12:55.952034288,100.19586415212697
2024/12/16 19:12:56.46115118,81.82069248796898
2024/12/16 19:12:56.147049655,121.92024752014287
2024/12/16 19:12:56.247027613,121.89779505637055
2024/12/16 19:12:56.346297847,121.79904730554745
2024/12/16 19:12:56.448001449,0.0
2024/12/16 19:12:56.545790334,0.0
2024/12/16 19:12:56.648049248,0.0
2024/12/16 19:12:56.748449016,0.0
2024/12/16 19:12:56.847194977,-173.95583582197315
2024/12/16 19:12:56.948180510,-221.22576517275058
2024/12/16 19:12:57.47253864,-250.88638321454752
2024/12/16 19:12:57.147257020,-264.3004615985936
2024/12/16 19:12:57.245832295,0.0
2024/12/16 19:12:57.349195548,0.0
2024/12/16 19:12:57.444423109,0.0
2024/12/16 19:12:57.547406524,0.0
2024/12/16 19:12:57.646138450,0.0
2024/12/16 19:12:57.747731927,0.0
2024/12/16 19:12:57.850028093,-485.3640578895829
2024/12/16 19:12:57.950265431,-497.1708204878504
2024/12/16 19:12:58.47011786,0.0
2024/12/16 19:12:58.147658413,250.89918674228167
2024/12/16 19:12:58.247294399,265.0499725091953
2024/12/16 19:12:58.346413326,265.09599043945923
2024/12/16 19:12:58.448619142,205.9829589414608
2024/12/16 19:12:58.548400279,250.68804102838712
2024/12/16 19:12:58.647093195,250.65484843336267
2024/12/16 19:12:58.748044341,135.71206288776156
2024/12/16 19:12:58.847361179,83.63501400479849
2024/12/16 19:12:58.949598574,0.0
2024/12/16 19:12:59.49946346,0.0
2024/12/16 19:12:59.146229828,0.0
2024/12/16 19:12:59.245903841,0.0
2024/12/16 19:12:59.347753336,0.0
2024/12/16 19:12:59.448399550,0.0
2024/12/16 19:12:59.544619335,0.0
2024/12/16 19:12:59.645251809,0.0
2024/12/16 19:12:59.744664384,0.0
2024/12/16 19:12:59.847132732,0.0
2024/12/16 19:12:59.948551874,0.0
2024/12/16 19:13:00.45816701,0.0
2024/12/16 19:13:00.147261013,0.0
2024/12/16 19:13:00.247473812,0.0
2024/12/16 19:13:00.345959385,0.0
2024/12/16 19:13:00.446234465,0.0
2024/12/16 19:13:00.548870661,0.0
2024/12/16 19:13:00.648591876,0.0
2024/12/16 19:13:00.747593047,0.0
2024/12/16 19:13:00.848807391,0.0
2024/12/16 19:13:00.948546235,0.0
2024/12/16 19:13:01.47075747,0.0
2024/12/16 19:13:01.147532491,0.0
2024/12/16 19:13:01.246214608,0.0
2024/12/16 19:13:01.347272170,0.0
2024/12/16 19:13:01.448312438,0.0
2024/12/16 19:13:01.548011458,0.0
2024/12/16 19:13:01.646671790,0.0
2024/12/16 19:13:01.747672470,0.0
2024/12/16 19:13:01.847570771,0.0
2024/12/16 19:13:01.949937617,0.0
2024/12/16 19:13:02.44341894,0.0
2024/12/16 19:13:02.145216368,0.0
2024/12/16 19:13:02.245199806,0.0
2024/12/16 19:13:02.344099911,0.0
2024/12/16 19:13:02.449267680,0.0
2024/12/16 19:13:02.547426746,0.0
2024/12/16 19:13:02.648577037,0.0
2024/12/16 19:13:02.748143695,0.0
2024/12/16 19:13:02.846666635,0.0
2024/12/16 19:13:02.948950127,0.0
2024/12/16 19:13:03.47047218,0.0
2024/12/16 19:13:03.146323011,0.0
2024/12/16 19:13:03.247274490,0.0
2024/12/16 19:13:03.350189620,0.0
2024/12/16 19:13:03.448945473,0.0
2024/12/16 19:13:03.549731395,0.0
2024/12/16 19:13:03.647143047,0.0
2024/12/16 19:13:03.746637071,0.0
2024/12/16 19:13:03.849387901,0.0
2024/12/16 19:13:03.948151165,0.0
2024/12/16 19:13:04.46858776,0.0
2024/12/16 19:13:04.147802436,0.0
2024/12/16 19:13:04.247782534,0.0
2024/12/16 19:13:04.349115017,0.0
2024/12/16 19:13:04.448138261,0.0
2024/12/16 19:13:04.548713481,0.0
2024/12/16 19:13:04.644881480,0.0
2024/12/16 19:13:04.747222717,0.0
2024/12/16 19:13:04.845752304,0.0
2024/12/16 19:13:04.945720694,0.0
2024/12/16 19:13:05.44544010,0.0
2024/12/16 19:13:05.147909031,0.0
2024/12/16 19:13:05.247968775,0.0
2024/12/16 19:13:05.348802741,0.0
2024/12/16 19:13:05.447459577,0.0
2024/12/16 19:13:05.547757155,0.0
2024/12/16 19:13:05.648520258,0.0
2024/12/16 19:13:05.747037313,0.0
2024/12/16 19:13:05.847048260,0.0
2024/12/16 19:13:05.949941682,0.0
2024/12/16 19:13:06.46697324,0.0
2024/12/16 19:13:06.148047729,0.0
2024/12/16 19:13:06.246739782,0.0
2024/12/16 19:13:06.347953200,0.0
2024/12/16 19:13:06.449799375,0.0
2024/12/16 19:13:06.547001844,0.0
2024/12/16 19:13:06.648201059,0.0
2024/12/16 19:13:06.748303131,0.0
2024/12/16 19:13:06.848720838,0.0
2024/12/16 19:13:06.949107933,0.0
2024/12/16 19:13:07.45778704,0.0
2024/12/16 19:13:07.145389127,0.0
2024/12/16 19:13:07.247551513,0.0
2024/12/16 19:13:07.345247043,0.0
2024/12/16 19:13:07.448794697,0.0
2024/12/16 19:13:07.545421178,0.0
2024/12/16 19:13:07.647003564,0.0
2024/12/16 19:13:07.748547930,0.0
2024/12/16 19:13:07.845240074,0.0
2024/12/16 19:13:07.949105290,0.0
2024/12/16 19:13:08.48643820,0.0
2024/12/16 19:13:08.149130433,0.0
2024/12/16 19:13:08.248485158,0.0
2024/12/16 19:13:08.348376390,0.0
2024/12/16 19:13:08.447841202,0.0
2024/12/16 19:13:08.547395002,0.0
2024/12/16 19:13:08.651675932,0.0
2024/12/16 19:13:08.747172498,0.0
2024/12/16 19:13:08.847291050,0.0
2024/12/16 19:13:08.949200425,0.0
2024/12/16 19:13:09.48472918,0.0
2024/12/16 19:13:09.147109120,0.0
2024/12/16 19:13:09.248537311,0.0
2024/12/16 19:13:09.347727430,0.0
2024/12/16 19:13:09.447850017,0.0
2024/12/16 19:13:09.547063160,0.0
2024/12/16 19:13:09.646297816,0.0
2024/12/16 19:13:09.745575511,0.0
2024/12/16 19:13:09.846628415,0.0
2024/12/16 19:13:09.945367333,0.0
2024/12/16 19:13:10.48838692,0.0
2024/12/16 19:13:10.145205436,0.0
2024/12/16 19:13:10.249209851,0.0
2024/12/16 19:13:10.347904049,0.0
2024/12/16 19:13:10.447498050,0.0
2024/12/16 19:13:10.549150323,0.0
2024/12/16 19:13:10.648360151,0.0
2024/12/16 19:13:10.748938551,0.0
2024/12/16 19:13:10.850258194,0.0
2024/12/16 19:13:10.951846629,0.0
2024/12/16 19:13:11.47875009,0.0
2024/12/16 19:13:11.147386579,0.0
2024/12/16 19:13:11.248268065,0.0
2024/12/16 19:13:11.348619402,0.0
2024/12/16 19:13:11.447339087,0.0
2024/12/16 19:13:11.548166530,0.0
2024/12/16 19:13:11.649938355,0.0
2024/12/16 19:13:11.747924564,0.0
2024/12/16 19:13:11.848323866,0.0
2024/12/16 19:13:11.950990047,0.0
2024/12/16 19:13:12.46762015,0.0
2024/12/16 19:13:12.144638112,0.0
2024/12/16 19:13:12.245710026,0.0
2024/12/16 19:13:12.345560256,0.0
2024/12/16 19:13:12.444806507,0.0
2024/12/16 19:13:12.545653202,0.0
2024/12/16 19:13:12.645246276,0.0
2024/12/16 19:13:12.747571709,0.0
2024/12/16 19:13:12.846793847,0.0
2024/12/16 19:13:12.948435670,0.0
2024/12/16 19:13:13.47167630,0.0
2024/12/16 19:13:13.147555335,0.0
2024/12/16 19:13:13.247661471,0.0
2024/12/16 19:13:13.346817248,0.0
2024/12/16 19:13:13.448093660,0.0
2024/12/16 19:13:13.547718041,0.0
2024/12/16 19:13:13.648107901,0.0
2024/12/16 19:13:13.748479129,0.0
2024/12/16 19:13:13.847614075,0.0
2024/12/16 19:13:13.948441873,0.0
2024/12/16 19:13:14.47970017,0.0
2024/12/16 19:13:14.147433766,0.0
2024/12/16 19:13:14.248129738,0.0
2024/12/16 19:13:14.349895990,0.0
2024/12/16 19:13:14.448021821,121.86878251969851
2024/12/16 19:13:14.548073093,121.8082218113829
2024/12/16 19:13:14.646936291,94.62340161665485
2024/12/16 19:13:14.745179715,77.34795940761337
2024/12/16 19:13:14.845354832,121.95995548690779
2024/12/16 19:13:14.945317651,94.71137767524856
2024/12/16 19:13:15.44802643,77.41221134149782
2024/12/16 19:13:15.150936524,65.47610618275054
2024/12/16 19:13:15.245901045,56.63650117730066
2024/12/16 19:13:15.348029062,118.41700934104907
2024/12/16 19:13:15.448835475,91.86130021828767
2024/12/16 19:13:15.549900550,0.0
2024/12/16 19:13:15.647643671,0.0
2024/12/16 19:13:15.747452814,0.0
2024/12/16 19:13:15.847985575,0.0
2024/12/16 19:13:15.950193692,0.0
2024/12/16 19:13:16.46635521,0.0
2024/12/16 19:13:16.146762480,0.0
2024/12/16 19:13:16.246794892,0.0
2024/12/16 19:13:16.347040742,0.0
2024/12/16 19:13:16.447874340,0.0
2024/12/16 19:13:16.546841305,0.0
2024/12/16 19:13:16.648084591,0.0
2024/12/16 19:13:16.748882428,0.0
2024/12/16 19:13:16.851774547,0.0
2024/12/16 19:13:16.948922871,0.0
2024/12/16 19:13:17.48902013,0.0
2024/12/16 19:13:17.146403525,0.0
2024/12/16 19:13:17.244811199,0.0
2024/12/16 19:13:17.345885476,0.0
2024/12/16 19:13:17.445699478,0.0
2024/12/16 19:13:17.544889351,0.0
2024/12/16 19:13:17.649712656,0.0
2024/12/16 19:13:17.745261788,0.0
2024/12/16 19:13:17.847239052,0.0
2024/12/16 19:13:17.950224120,0.0
2024/12/16 19:13:18.46928136,0.0
2024/12/16 19:13:18.147502384,0.0
2024/12/16 19:13:18.247603101,0.0
2024/12/16 19:13:18.348071062,0.0
2024/12/16 19:13:18.447636544,0.0
2024/12/16 19:13:18.547528754,0.0
2024/12/16 19:13:18.647825229,0.0
2024/12/16 19:13:18.749085998,0.0
2024/12/16 19:13:18.852593485,0.0
2024/12/16 19:13:18.949465694,0.0
2024/12/16 19:13:19.48012175,0.0
2024/12/16 19:13:19.151245706,0.0
2024/12/16 19:13:19.249717884,0.0
2024/12/16 19:13:19.349850913,-175.3810625936246
2024/12/16 19:13:19.449471947,-207.73554806405858
2024/12/16 19:13:19.548516128,-200.59832579184092
2024/12/16 19:13:19.649749839,-141.8501701030025
2024/12/16 19:13:19.750791515,-59.34731251980714
2024/12/16 19:13:19.845435773,0.0
2024/12/16 19:13:19.949257039,0.0
2024/12/16 19:13:20.47702847,0.0
2024/12/16 19:13:20.144854199,0.0
2024/12/16 19:13:20.247818449,0.0
2024/12/16 19:13:20.346058433,0.0
2024/12/16 19:13:20.448950938,0.0
2024/12/16 19:13:20.548152413,0.0
2024/12/16 19:13:20.649720315,0.0
2024/12/16 19:13:20.747729578,0.0
2024/12/16 19:13:20.847611250,0.0
2024/12/16 19:13:20.950160270,0.0
2024/12/16 19:13:21.46034276,0.0
2024/12/16 19:13:21.148625486,0.0
2024/12/16 19:13:21.247798969,0.0
2024/12/16 19:13:21.349616224,0.0
2024/12/16 19:13:21.446691133,0.0
2024/12/16 19:13:21.547866926,0.0
2024/12/16 19:13:21.649569928,0.0
2024/12/16 19:13:21.747718393,0.0
2024/12/16 19:13:21.847501619,0.0
2024/12/16 19:13:21.958901692,0.0
2024/12/16 19:13:22.45970557,0.0
2024/12/16 19:13:22.150549427,0.0
2024/12/16 19:13:22.248803002,0.0
2024/12/16 19:13:22.350366769,0.0
2024/12/16 19:13:22.445932765,0.0
2024/12/16 19:13:22.546742985,0.0
2024/12/16 19:13:22.646065131,0.0
2024/12/16 19:13:22.748803631,0.0
2024/12/16 19:13:22.856995602,0.0
2024/12/16 19:13:22.946246464,0.0
2024/12/16 19:13:23.48794153,0.0
2024/12/16 19:13:23.150016597,0.0
2024/12/16 19:13:23.249804338,0.0
2024/12/16 19:13:23.350516305,0.0
2024/12/16 19:13:23.448088326,0.0
2024/12/16 19:13:23.549936038,0.0
2024/12/16 19:13:23.647879505,0.0
2024/12/16 19:13:23.748729294,0.0
2024/12/16 19:13:23.848978713,0.0
2024/12/16 19:13:23.949966400,0.0
2024/12/16 19:13:24.48048417,0.0
2024/12/16 19:13:24.148198127,0.0
2024/12/16 19:13:24.249264472,0.0
2024/12/16 19:13:24.349475154,0.0
2024/12/16 19:13:24.449230029,0.0
2024/12/16 19:13:24.549178225,0.0
2024/12/16 19:13:24.650076013,0.0
2024/12/16 19:13:24.747880528,0.0
2024/12/16 19:13:24.849622576,0.0
2024/12/16 19:13:24.948168881,0.0
2024/12/16 19:13:25.47129471,0.0
2024/12/16 19:13:25.146213534,0.0
2024/12/16 19:13:25.245864258,0.0
2024/12/16 19:13:25.346152868,0.0
2024/12/16 19:13:25.447381451,0.0
2024/12/16 19:13:25.549609134,0.0
2024/12/16 19:13:25.649775742,0.0
2024/12/16 19:13:25.752295636,0.0
2024/12/16 19:13:25.848313700,0.0
2024/12/16 19:13:25.952958075,0.0
2024/12/16 19:13:26.48614561,0.0
2024/12/16 19:13:26.148240926,0.0
2024/12/16 19:13:26.247339174,0.0
2024/12/16 19:13:26.347476760,0.0
2024/12/16 19:13:26.447283856,0.0
2024/12/16 19:13:26.549547243,0.0
2024/12/16 19:13:26.649376429,0.0
2024/12/16 19:13:26.749652309,0.0
2024/12/16 19:13:26.847310170,0.0
2024/12/16 19:13:26.949586128,0.0
2024/12/16 19:13:27.48465721,0.0
2024/12/16 19:13:27.147380383,0.0
2024/12/16 19:13:27.247141962,0.0
2024/12/16 19:13:27.347310056,0.0
2024/12/16 19:13:27.447997849,0.0
2024/12/16 19:13:27.545991194,0.0
2024/12/16 19:13:27.646184271,0.0
2024/12/16 19:13:27.746144786,0.0
2024/12/16 19:13:27.845038053,0.0
2024/12/16 19:13:27.961579376,0.0
2024/12/16 19:13:28.45920427,0.0
2024/12/16 19:13:28.147593052,0.0
2024/12/16 19:13:28.249116535,0.0
2024/12/16 19:13:28.347416025,0.0
2024/12/16 19:13:28.448242986,0.0
2024/12/16 19:13:28.548613540,0.0
2024/12/16 19:13:28.647537066,0.0
2024/12/16 19:13:28.749893514,0.0
2024/12/16 19:13:28.848279483,0.0
2024/12/16 19:13:28.951130977,0.0
2024/12/16 19:13:29.48103468,0.0
2024/12/16 19:13:29.148605656,0.0
2024/12/16 19:13:29.250232503,0.0
2024/12/16 19:13:29.350040006,0.0
2024/12/16 19:13:29.448764345,0.0
2024/12/16 19:13:29.549230321,0.0
2024/12/16 19:13:29.649047350,0.0
2024/12/16 19:13:29.749264660,0.0
2024/12/16 19:13:29.848984786,0.0
2024/12/16 19:13:29.955538103,0.0
2024/12/16 19:13:30.47519843,0.0
2024/12/16 19:13:30.145444701,0.0
2024/12/16 19:13:30.246488924,0.0
2024/12/16 19:13:30.348174688,0.0
2024/12/16 19:13:30.445334972,0.0
2024/12/16 19:13:30.551371302,0.0
2024/12/16 19:13:30.646398076,0.0
2024/12/16 19:13:30.750496213,0.0
2024/12/16 19:13:30.849937060,0.0
2024/12/16 19:13:30.951571990,-86.79758186922416
2024/12/16 19:13:31.51130667,-97.40888837796598
2024/12/16 19:13:31.149942751,-167.93923816320583
2024/12/16 19:13:31.250559954,-188.7360696582202
2024/12/16 19:13:31.350704754,-190.47881248677092
2024/12/16 19:13:31.450749282,-190.2077372286884
2024/12/16 19:13:31.550412766,-191.0744342061607
2024/12/16 19:13:31.649517674,-212.4409949739053
2024/12/16 19:13:31.750977105,-232.70816156815513
2024/12/16 19:13:31.850287618,-244.2025558441692
2024/12/16 19:13:31.952140378,-252.64041339937114
2024/12/16 19:13:32.47587824,-253.96789562713892
2024/12/16 19:13:32.150469850,-253.30457441570184
2024/12/16 19:13:32.250812407,-254.0978460035712
2024/12/16 19:13:32.350591563,-254.5119769875256
2024/12/16 19:13:32.450901606,-262.7316364755269
2024/12/16 19:13:32.551862486,-265.27956204866643
2024/12/16 19:13:32.649088489,-268.24136059501996
2024/12/16 19:13:32.745804109,-269.1660072610094
2024/12/16 19:13:32.847647681,-270.8191798197146
2024/12/16 19:13:32.947648404,-271.75349239375333
2024/12/16 19:13:33.46394546,-274.2781638313525
2024/12/16 19:13:33.158818587,-278.45245776290045
2024/12/16 19:13:33.246513721,-285.2271795717969
2024/12/16 19:13:33.350425136,-289.11261819741713
2024/12/16 19:13:33.448830052,-293.8636253958289
2024/12/16 19:13:33.550703420,-291.5310621332624
2024/12/16 19:13:33.650621802,-292.0581146576221
2024/12/16 19:13:33.750204473,-293.3113672694156
2024/12/16 19:13:33.850614570,-299.6337168367953
2024/12/16 19:13:33.955277415,-300.62815413454143
2024/12/16 19:13:34.46936482,-304.34259427563586
2024/12/16 19:13:34.149829590,-306.04447464340836
2024/12/16 19:13:34.249764226,-306.12056135547687
2024/12/16 19:13:34.349762900,-309.83421859408037
2024/12/16 19:13:34.451327598,-313.72096004854757
2024/12/16 19:13:34.550205955,-314.72954886895934
2024/12/16 19:13:34.649645089,-316.4302673330633
2024/12/16 19:13:34.751284607,-316.2097916484725
2024/12/16 19:13:34.848034786,-319.5296805206233
2024/12/16 19:13:34.953198127,-321.3089685830681
2024/12/16 19:13:35.51655659,-326.61045224486116
2024/12/16 19:13:35.150452786,-326.20368561388693
2024/12/16 19:13:35.250920457,-324.1517139132035
2024/12/16 19:13:35.347804666,-328.3711374975439
2024/12/16 19:13:35.447655006,-332.0122167375652
2024/12/16 19:13:35.546636069,-336.1435401974105
2024/12/16 19:13:35.647778092,-336.2965874082647
2024/12/16 19:13:35.748342228,-333.6519024190083
2024/12/16 19:13:35.850694752,-337.3814879419332
2024/12/16 19:13:35.951381023,-336.6719646410125
2024/12/16 19:13:36.49283640,-342.7788203802845
2024/12/16 19:13:36.150627367,-344.41893415424084
2024/12/16 19:13:36.251070420,-346.88478232084907
2024/12/16 19:13:36.350109566,-346.0726739185796
2024/12/16 19:13:36.449118089,-347.0230645433702
2024/12/16 19:13:36.549824539,-348.2205292911211
2024/12/16 19:13:36.650054093,-352.51634280540463
2024/12/16 19:13:36.750659757,-354.5750358813978
2024/12/16 19:13:36.850914240,-356.6525035336702
2024/12/16 19:13:36.951139001,-354.8063731187589
2024/12/16 19:13:37.49672238,-360.1154407410952
2024/12/16 19:13:37.151960560,-362.29414772583124
2024/12/16 19:13:37.250922254,-361.32556812305705
2024/12/16 19:13:37.350984441,-361.2547460930424
2024/12/16 19:13:37.451555067,-362.482287327174
2024/12/16 19:13:37.552361096,-367.8765775398551
2024/12/16 19:13:37.653112520,-372.872593506919
2024/12/16 19:13:37.754618200,-372.46709884484756
2024/12/16 19:13:37.845792439,-374.92485569945245
2024/12/16 19:13:37.949251156,-375.0645838277781
2024/12/16 19:13:38.48647955,-376.44418404794544
2024/12/16 19:13:38.145796477,-378.2361170620235
2024/12/16 19:13:38.252120322,-379.0483233619427
2024/12/16 19:13:38.347996638,-377.91581576153163
2024/12/16 19:13:38.450686182,-379.756668273101
2024/12/16 19:13:38.549955974,-382.0702088383276
2024/12/16 19:13:38.649893694,-385.63114862044756
2024/12/16 19:13:38.750030140,-389.42844537583585
2024/12/16 19:13:38.851715780,-385.9639094522445
2024/12/16 19:13:38.956078353,-388.6025879127431
2024/12/16 19:13:39.49775497,-395.0481242260146
2024/12/16 19:13:39.150745030,-396.1735426317811
2024/12/16 19:13:39.250868762,-396.2024131246734
2024/12/16 19:13:39.351171349,-396.401554457487
2024/12/16 19:13:39.454723704,-394.5172043985149
2024/12/16 19:13:39.551468820,-400.7804160315745
2024/12/16 19:13:39.651135607,-404.6618846106416
2024/12/16 19:13:39.753105815,-403.72278971470524
2024/12/16 19:13:39.850605436,-405.9623640154544
2024/12/16 19:13:39.957982115,-407.5166154149337
2024/12/16 19:13:40.47617190,-412.8381274698721
2024/12/16 19:13:40.151455597,-411.2523786457855
2024/12/16 19:13:40.250200443,-409.2810249427565
2024/12/16 19:13:40.350208047,-413.3056484854242
2024/12/16 19:13:40.445833396,-419.56499187513754
2024/12/16 19:13:40.546943145,-418.76855485480894
2024/12/16 19:13:40.648315394,-419.0080994079565
2024/12/16 19:13:40.747130777,-420.4875452613071
2024/12/16 19:13:40.850050674,-420.85323289693434
2024/12/16 19:13:40.947256356,-421.66241841595456
2024/12/16 19:13:41.49271195,-422.817767541718
2024/12/16 19:13:41.150032344,-424.84675022636577
2024/12/16 19:13:41.249392117,-428.8404683628271
2024/12/16 19:13:41.349505044,-431.43109740733934
2024/12/16 19:13:41.449118065,-433.43425804263853
2024/12/16 19:13:41.551623724,-433.71892000834816
2024/12/16 19:13:41.651691609,-436.7013509654678
2024/12/16 19:13:41.750869792,-438.128079240314
2024/12/16 19:13:41.850736668,-438.92987789392276
2024/12/16 19:13:41.950429579,-436.8560611868246
2024/12/16 19:13:42.48037163,-443.5689988156218
2024/12/16 19:13:42.150810357,-444.9209419368749
2024/12/16 19:13:42.249014580,-447.6170243915996
2024/12/16 19:13:42.349488990,-433.7078017496572
2024/12/16 19:13:42.455207996,-409.3617180744721
2024/12/16 19:13:42.549241118,-374.45705737053436
2024/12/16 19:13:42.651803335,-293.8909208279822
2024/12/16 19:13:42.750221075,-245.79981396828325
2024/12/16 19:13:42.850556528,-243.48156375908206
2024/12/16 19:13:42.948072292,-230.46623368982273
2024/12/16 19:13:43.48055572,-218.8310366690122
2024/12/16 19:13:43.149001572,-210.16166254779674
2024/12/16 19:13:43.246371622,-202.0068382281756
2024/12/16 19:13:43.346685950,-198.0288744927456
2024/12/16 19:13:43.452733997,-195.3516648643105
2024/12/16 19:13:43.546758841,-197.72150895788394
2024/12/16 19:13:43.651097111,-198.23109057781247
2024/12/16 19:13:43.750095764,-202.1899757204038
2024/12/16 19:13:43.849463597,-206.28341820787568
2024/12/16 19:13:43.951332021,-203.11149871025125
2024/12/16 19:13:44.49618832,-203.56489146834687
2024/12/16 19:13:44.152999913,-187.73055221612398
2024/12/16 19:13:44.249836584,-149.92311451380985
2024/12/16 19:13:44.350896455,-130.46478548140186
2024/12/16 19:13:44.450320547,-128.78568801609325
2024/12/16 19:13:44.550856227,-125.53827636992463
2024/12/16 19:13:44.650806073,-125.23272011876779
2024/12/16 19:13:44.750326607,-126.093424006293
2024/12/16 19:13:44.849250802,-140.52786258381175
2024/12/16 19:13:44.950447692,-227.65564954093733
2024/12/16 19:13:45.48132100,0.0
2024/12/16 19:13:45.148614899,0.0
2024/12/16 19:13:45.248799566,118.22624080674085
2024/12/16 19:13:45.350507960,118.17409373395947
2024/12/16 19:13:45.449895364,0.0
2024/12/16 19:13:45.546344586,0.0
2024/12/16 19:13:45.647035892,0.0
2024/12/16 19:13:45.746430035,0.0
2024/12/16 19:13:45.846227908,0.0
2024/12/16 19:13:45.951300270,0.0
2024/12/16 19:13:46.53949294,0.0
2024/12/16 19:13:46.148136929,0.0
2024/12/16 19:13:46.248012619,0.0
2024/12/16 19:13:46.349241762,0.0
2024/12/16 19:13:46.448037903,0.0
2024/12/16 19:13:46.549473070,0.0
2024/12/16 19:13:46.649079544,0.0
2024/12/16 19:13:46.748289435,0.0
2024/12/16 19:13:46.846738848,0.0
2024/12/16 19:13:46.950115156,0.0
2024/12/16 19:13:47.47919826,0.0
2024/12/16 19:13:47.148445024,0.0
2024/12/16 19:13:47.248224636,0.0
2024/12/16 19:13:47.350650158,0.0
2024/12/16 19:13:47.449479322,0.0
2024/12/16 19:13:47.549656247,0.0
2024/12/16 19:13:47.648900038,0.0
2024/12/16 19:13:47.748696240,0.0
2024/12/16 19:13:47.849425035,0.0
2024/12/16 19:13:47.957166303,0.0
2024/12/16 19:13:48.51197059,0.0
2024/12/16 19:13:48.147954481,0.0
2024/12/16 19:13:48.247101542,0.0
2024/12/16 19:13:48.346914692,0.0
2024/12/16 19:13:48.446681785,0.0
2024/12/16 19:13:48.551111671,0.0
2024/12/16 19:13:48.647204169,0.0
2024/12/16 19:13:48.748445817,0.0
2024/12/16 19:13:48.848914789,0.0
2024/12/16 19:13:48.952678578,0.0
2024/12/16 19:13:49.48588543,0.0
2024/12/16 19:13:49.148953367,0.0
2024/12/16 19:13:49.248461414,0.0
2024/12/16 19:13:49.349631520,0.0
2024/12/16 19:13:49.450007585,0.0
2024/12/16 19:13:49.548555969,0.0
2024/12/16 19:13:49.649131561,0.0
2024/12/16 19:13:49.749896979,0.0
2024/12/16 19:13:49.850701104,0.0
2024/12/16 19:13:49.948535148,0.0
2024/12/16 19:13:50.49019172,0.0
2024/12/16 19:13:50.150197444,0.0
2024/12/16 19:13:50.252400565,0.0
2024/12/16 19:13:50.351445245,0.0
2024/12/16 19:13:50.448667743,0.0
2024/12/16 19:13:50.548969297,0.0
2024/12/16 19:13:50.650316575,0.0
2024/12/16 19:13:50.746311658,0.0
2024/12/16 19:13:50.847877443,0.0
2024/12/16 19:13:50.946545636,0.0
2024/12/16 19:13:51.46589016,0.0
2024/12/16 19:13:51.161034791,0.0
2024/12/16 19:13:51.247644195,0.0
2024/12/16 19:13:51.348460466,0.0
2024/12/16 19:13:51.449432183,0.0
2024/12/16 19:13:51.549407685,0.0
2024/12/16 19:13:51.649182601,0.0
2024/12/16 19:13:51.749029012,0.0
2024/12/16 19:13:51.851085260,0.0
2024/12/16 19:13:51.952736276,0.0
2024/12/16 19:13:52.50678867,0.0
2024/12/16 19:13:52.151444769,0.0
2024/12/16 19:13:52.250051693,0.0
2024/12/16 19:13:52.351854343,0.0
2024/12/16 19:13:52.451626732,0.0
2024/12/16 19:13:52.551436438,0.0
2024/12/16 19:13:52.650449080,0.0
2024/12/16 19:13:52.751284681,0.0
2024/12/16 19:13:52.850782097,0.0
2024/12/16 19:13:52.957178823,0.0
2024/12/16 19:13:53.48725488,0.0
2024/12/16 19:13:53.150632424,0.0
2024/12/16 19:13:53.248259307,0.0
2024/12/16 19:13:53.348298177,0.0
2024/12/16 19:13:53.448107654,0.0
2024/12/16 19:13:53.546131833,0.0
2024/12/16 19:13:53.648110097,0.0
2024/12/16 19:13:53.749546322,0.0
2024/12/16 19:13:53.851881961,0.0
2024/12/16 19:13:53.956862407,0.0
2024/12/16 19:13:54.49585418,0.0
2024/12/16 19:13:54.151412399,0.0
2024/12/16 19:13:54.249473916,0.0
2024/12/16 19:13:54.350619871,0.0
2024/12/16 19:13:54.451723685,0.0
2024/12/16 19:13:54.550942962,0.0
2024/12/16 19:13:54.657575252,0.0
2024/12/16 19:13:54.750616503,0.0
2024/12/16 19:13:54.849918013,0.0
2024/12/16 19:13:54.951007640,0.0
2024/12/16 19:13:55.50494555,0.0
2024/12/16 19:13:55.151720620,0.0
2024/12/16 19:13:55.250364553,0.0
2024/12/16 19:13:55.350294403,0.0
2024/12/16 19:13:55.450618319,0.0
2024/12/16 19:13:55.549783808,0.0
2024/12/16 19:13:55.650518018,0.0
2024/12/16 19:13:55.751073905,0.0
2024/12/16 19:13:55.847310384,0.0
2024/12/16 19:13:55.947978806,0.0
2024/12/16 19:13:56.49061808,0.0
2024/12/16 19:13:56.146061643,0.0
2024/12/16 19:13:56.252147900,0.0
2024/12/16 19:13:56.351737356,0.0
2024/12/16 19:13:56.448751808,0.0
2024/12/16 19:13:56.550237120,0.0
2024/12/16 19:13:56.649361221,0.0
2024/12/16 19:13:56.749529190,0.0
2024/12/16 19:13:56.850190518,0.0
2024/12/16 19:13:56.952583910,0.0
2024/12/16 19:13:57.49086506,0.0
2024/12/16 19:13:57.149557217,0.0
2024/12/16 19:13:57.249728282,0.0
2024/12/16 19:13:57.349150169,0.0
2024/12/16 19:13:57.449254204,0.0
2024/12/16 19:13:57.548973721,0.0
2024/12/16 19:13:57.651037954,0.0
2024/12/16 19:13:57.750061984,0.0
2024/12/16 19:13:57.850177216,0.0
2024/12/16 19:13:57.952682393,0.0
2024/12/16 19:13:58.50428535,0.0
2024/12/16 19:13:58.149947848,0.0
2024/12/16 19:13:58.250830461,0.0
2024/12/16 19:13:58.352399766,0.0
2024/12/16 19:13:58.447467075,0.0
2024/12/16 19:13:58.548699906,0.0
2024/12/16 19:13:58.646530716,0.0
2024/12/16 19:13:58.748099213,0.0
2024/12/16 19:13:58.862490621,0.0
2024/12/16 19:13:58.948243419,0.0
2024/12/16 19:13:59.50104819,0.0
2024/12/16 19:13:59.150770289,0.0
2024/12/16 19:13:59.249659661,0.0
2024/12/16 19:13:59.349287251,0.0
2024/12/16 19:13:59.450442671,0.0
2024/12/16 19:13:59.551282492,-4927.617694239169
2024/12/16 19:13:59.650311287,-2172.0161284379888
2024/12/16 19:13:59.749019810,-3904.5936742262074
2024/12/16 19:13:59.850470892,-3533.17477403002
2024/12/16 19:13:59.951699313,-3158.3985104447
2024/12/16 19:14:00.50432813,-2784.6836522332374
2024/12/16 19:14:00.150399968,-2360.7803773291544
2024/12/16 19:14:00.250815783,-1906.8634240954314
2024/12/16 19:14:00.351423065,-1410.2278193277518
2024/12/16 19:14:00.450702672,-1007.7586898055563
2024/12/16 19:14:00.548964692,-542.0041842134285
2024/12/16 19:14:00.648906708,-297.12982833117746
2024/12/16 19:14:00.749983811,-332.12068131804756
2024/12/16 19:14:00.850006027,-307.6900575085283
2024/12/16 19:14:00.947700354,-164.80525696853258
2024/12/16 19:14:01.47692751,-59.70956588036714
2024/12/16 19:14:01.147784136,-86.7433941856309
2024/12/16 19:14:01.246850003,0.0
2024/12/16 19:14:01.350404199,0.0
2024/12/16 19:14:01.453253243,0.0
2024/12/16 19:14:01.549490978,0.0
2024/12/16 19:14:01.649266259,0.0
2024/12/16 19:14:01.748948913,0.0
2024/12/16 19:14:01.849484744,0.0
2024/12/16 19:14:01.950414960,0.0
2024/12/16 19:14:02.48801732,0.0
2024/12/16 19:14:02.149109910,0.0
2024/12/16 19:14:02.248726918,0.0
2024/12/16 19:14:02.350183924,0.0
2024/12/16 19:14:02.450914041,0.0
2024/12/16 19:14:02.550514175,0.0
2024/12/16 19:14:02.650918310,0.0
2024/12/16 19:14:02.750897138,0.0
2024/12/16 19:14:02.849252405,0.0
2024/12/16 19:14:02.949155944,0.0
2024/12/16 19:14:03.49909616,0.0
2024/12/16 19:14:03.151284699,0.0
2024/12/16 19:14:03.248911025,0.0
2024/12/16 19:14:03.348728795,0.0
2024/12/16 19:14:03.449688660,0.0
2024/12/16 19:14:03.548002333,0.0
2024/12/16 19:14:03.648640450,0.0
2024/12/16 19:14:03.749779918,0.0
2024/12/16 19:14:03.846708183,0.0
2024/12/16 19:14:03.952152587,0.0
2024/12/16 19:14:04.48435323,0.0
2024/12/16 19:14:04.149402311,0.0
2024/12/16 19:14:04.251015215,0.0
2024/12/16 19:14:04.350567518,0.0
2024/12/16 19:14:04.450189367,0.0
2024/12/16 19:14:04.550008779,0.0
2024/12/16 19:14:04.649532382,0.0
2024/12/16 19:14:04.750147838,0.0
2024/12/16 19:14:04.851481045,0.0
2024/12/16 19:14:04.952117571,0.0
2024/12/16 19:14:05.50523978,0.0
2024/12/16 19:14:05.149479899,0.0
2024/12/16 19:14:05.250040541,0.0
2024/12/16 19:14:05.349478468,0.0
2024/12/16 19:14:05.450872326,0.0
2024/12/16 19:14:05.551439147,0.0
2024/12/16 19:14:05.651289298,0.0
2024/12/16 19:14:05.751457151,0.0
2024/12/16 19:14:05.849880705,0.0
2024/12/16 19:14:05.952844761,0.0
2024/12/16 19:14:06.52335103,0.0
2024/12/16 19:14:06.147195436,0.0
2024/12/16 19:14:06.248508502,0.0
2024/12/16 19:14:06.348054164,0.0
2024/12/16 19:14:06.446845688,0.0
2024/12/16 19:14:06.550096239,0.0
2024/12/16 19:14:06.647731286,0.0
2024/12/16 19:14:06.750413345,0.0
2024/12/16 19:14:06.850825534,0.0
2024/12/16 19:14:06.951939169,0.0
2024/12/16 19:14:07.51788754,0.0
2024/12/16 19:14:07.150184633,0.0
2024/12/16 19:14:07.249455824,0.0
2024/12/16 19:14:07.349641134,0.0
2024/12/16 19:14:07.449440203,0.0
2024/12/16 19:14:07.549329638,0.0
2024/12/16 19:14:07.649256745,0.0
2024/12/16 19:14:07.751216262,0.0
2024/12/16 19:14:07.850037078,0.0
2024/12/16 19:14:07.953519637,0.0
2024/12/16 19:14:08.51184302,0.0
2024/12/16 19:14:08.150873813,0.0
2024/12/16 19:14:08.249086949,0.0
2024/12/16 19:14:08.351116068,0.0
2024/12/16 19:14:08.450560441,0.0
2024/12/16 19:14:08.551631240,0.0
2024/12/16 19:14:08.648727780,0.0
2024/12/16 19:14:08.752087009,0.0
2024/12/16 19:14:08.852012627,0.0
2024/12/16 19:14:08.947261625,0.0
2024/12/16 19:14:09.47148956,0.0
2024/12/16 19:14:09.153999001,0.0
2024/12/16 19:14:09.247438233,0.0
2024/12/16 19:14:09.350577245,0.0
2024/12/16 19:14:09.450884487,0.0
2024/12/16 19:14:09.550753102,0.0
2024/12/16 19:14:09.650905068,0.0
2024/12/16 19:14:09.750029320,0.0
2024/12/16 19:14:09.850996704,0.0
2024/12/16 19:14:09.952253605,0.0
2024/12/16 19:14:10.50724591,0.0
2024/12/16 19:14:10.149817240,0.0
2024/12/16 19:14:10.250868344,0.0
2024/12/16 19:14:10.353250875,0.0
2024/12/16 19:14:10.449675326,0.0
2024/12/16 19:14:10.550479001,0.0
2024/12/16 19:14:10.651237787,0.0
2024/12/16 19:14:10.751500886,0.0
2024/12/16 19:14:10.850985231,0.0
2024/12/16 19:14:10.952512769,0.0
2024/12/16 19:14:11.49867604,0.0
2024/12/16 19:14:11.151973291,0.0
2024/12/16 19:14:11.247001909,0.0
2024/12/16 19:14:11.348080712,0.0
2024/12/16 19:14:11.448096094,0.0
2024/12/16 19:14:11.547906307,0.0
2024/12/16 19:14:11.651074995,0.0
2024/12/16 19:14:11.747687312,0.0
2024/12/16 19:14:11.850785656,0.0
2024/12/16 19:14:11.961405352,0.0
2024/12/16 19:14:12.50323343,0.0
2024/12/16 19:14:12.150844456,0.0
2024/12/16 19:14:12.251865873,0.0
2024/12/16 19:14:12.351096360,0.0
2024/12/16 19:14:12.450661973,0.0
2024/12/16 19:14:12.550075943,0.0
2024/12/16 19:14:12.651332503,0.0
2024/12/16 19:14:12.750779282,0.0
2024/12/16 19:14:12.851064835,0.0
2024/12/16 19:14:12.953138244,0.0
2024/12/16 19:14:13.52195427,0.0
2024/12/16 19:14:13.150271769,0.0
2024/12/16 19:14:13.250476661,0.0
2024/12/16 19:14:13.350273575,0.0
2024/12/16 19:14:13.449879957,0.0
2024/12/16 19:14:13.550936146,0.0
2024/12/16 19:14:13.650176944,0.0
2024/12/16 19:14:13.751754499,0.0
2024/12/16 19:14:13.847594648,0.0
2024/12/16 19:14:13.948651782,0.0
2024/12/16 19:14:14.49427380,0.0
2024/12/16 19:14:14.147655677,0.0
2024/12/16 19:14:14.252388512,0.0
2024/12/16 19:14:14.347282529,0.0
2024/12/16 19:14:14.449578086,0.0
2024/12/16 19:14:14.550917746,0.0
2024/12/16 19:14:14.651724245,0.0
2024/12/16 19:14:14.751375138,0.0
2024/12/16 19:14:14.849114102,0.0
2024/12/16 19:14:14.952658672,0.0
2024/12/16 19:14:15.51346413,0.0
2024/12/16 19:14:15.151850593,0.0
2024/12/16 19:14:15.251538252,0.0
2024/12/16 19:14:15.351269688,0.0
2024/12/16 19:14:15.450763159,0.0
2024/12/16 19:14:15.551367348,0.0
2024/12/16 19:14:15.650822611,0.0
2024/12/16 19:14:15.750232483,0.0
2024/12/16 19:14:15.851415165,0.0
2024/12/16 19:14:15.952422126,0.0
2024/12/16 19:14:16.49403476,0.0
2024/12/16 19:14:16.152712022,0.0
2024/12/16 19:14:16.250002747,0.0
2024/12/16 19:14:16.349747630,0.0
2024/12/16 19:14:16.447596755,0.0
2024/12/16 19:14:16.550851862,0.0
2024/12/16 19:14:16.647167720,0.0
2024/12/16 19:14:16.748414374,0.0
2024/12/16 19:14:16.847819312,0.0
2024/12/16 19:14:16.950938341,0.0
2024/12/16 19:14:17.49277311,0.0
2024/12/16 19:14:17.151616525,0.0
2024/12/16 19:14:17.251249067,0.0
2024/12/16 19:14:17.351118288,0.0
2024/12/16 19:14:17.450948282,0.0
2024/12/16 19:14:17.551281855,0.0
2024/12/16 19:14:17.649704116,0.0
2024/12/16 19:14:17.750742424,0.0
2024/12/16 19:14:17.852880977,0.0
2024/12/16 19:14:17.954082270,0.0
2024/12/16 19:14:18.50993361,0.0
2024/12/16 19:14:18.149468783,0.0
2024/12/16 19:14:18.250097417,0.0
2024/12/16 19:14:18.351484363,0.0
2024/12/16 19:14:18.449673597,0.0
2024/12/16 19:14:18.550623417,0.0
2024/12/16 19:14:18.649760651,0.0
2024/12/16 19:14:18.749828216,0.0
2024/12/16 19:14:18.852541653,0.0
2024/12/16 19:14:18.948956121,0.0
2024/12/16 19:14:19.48394533,0.0
2024/12/16 19:14:19.148922825,0.0
2024/12/16 19:14:19.247366647,0.0
2024/12/16 19:14:19.353380951,0.0
2024/12/16 19:14:19.447790368,0.0
2024/12/16 19:14:19.550969884,0.0
2024/12/16 19:14:19.650326530,0.0
2024/12/16 19:14:19.750764801,0.0
2024/12/16 19:14:19.850116868,0.0
2024/12/16 19:14:19.949994457,0.0
2024/12/16 19:14:20.49743396,0.0
2024/12/16 19:14:20.149559719,0.0
2024/12/16 19:14:20.252241214,0.0
2024/12/16 19:14:20.349378544,0.0
2024/12/16 19:14:20.449261539,0.0
2024/12/16 19:14:20.550087042,0.0
2024/12/16 19:14:20.649276790,0.0
2024/12/16 19:14:20.750146570,0.0
2024/12/16 19:14:20.849662137,0.0
2024/12/16 19:14:20.951258438,0.0
2024/12/16 19:14:21.51881627,0.0
2024/12/16 19:14:21.149639138,0.0
2024/12/16 19:14:21.250709538,0.0
2024/12/16 19:14:21.351533165,0.0
2024/12/16 19:14:21.450580408,0.0
2024/12/16 19:14:21.547586935,0.0
2024/12/16 19:14:21.649241015,0.0
2024/12/16 19:14:21.747374819,0.0
2024/12/16 19:14:21.850455735,0.0
2024/12/16 19:14:21.963336433,0.0
2024/12/16 19:14:22.48008623,0.0
2024/12/16 19:14:22.151061842,0.0
2024/12/16 19:14:22.252075086,0.0
2024/12/16 19:14:22.351918111,0.0
2024/12/16 19:14:22.451926581,0.0
2024/12/16 19:14:22.552236305,0.0
2024/12/16 19:14:22.652217185,0.0
2024/12/16 19:14:22.752696709,0.0
2024/12/16 19:14:22.852433529,0.0
2024/12/16 19:14:22.951059146,0.0
2024/12/16 19:14:23.50720319,0.0
2024/12/16 19:14:23.150860953,0.0
2024/12/16 19:14:23.251908392,0.0
2024/12/16 19:14:23.351529987,0.0
2024/12/16 19:14:23.450589642,0.0
2024/12/16 19:14:23.550207099,0.0
2024/12/16 19:14:23.650258945,0.0
2024/12/16 19:14:23.751042602,0.0
2024/12/16 19:14:23.851154527,609.8838902294665
2024/12/16 19:14:23.952668142,1088.252402567838
2024/12/16 19:14:24.49065976,1155.35144949322
2024/12/16 19:14:24.149701086,1055.5778698669703
2024/12/16 19:14:24.249196134,1137.2940993270563
2024/12/16 19:14:24.348114241,1251.8143320898605
2024/12/16 19:14:24.450350623,1302.3290136334588
2024/12/16 19:14:24.548489328,1318.4626456424255
2024/12/16 19:14:24.650941144,1289.1425453887648
2024/12/16 19:14:24.751394366,1321.0597765543278
2024/12/16 19:14:24.851337947,1357.4081955205677
2024/12/16 19:14:24.952056687,1356.6215812506023
2024/12/16 19:14:25.50834138,1393.7434606521015
2024/12/16 19:14:25.150597481,1409.4849848748565
2024/12/16 19:14:25.250834917,1429.225874754678
2024/12/16 19:14:25.352263321,1435.7667589433693
2024/12/16 19:14:25.450857497,1490.4040095820785
2024/12/16 19:14:25.552167681,1505.6481885324654
2024/12/16 19:14:25.653288777,1521.4635292276294
2024/12/16 19:14:25.753013126,1582.1328535389803
2024/12/16 19:14:25.851844404,1582.39997378914
2024/12/16 19:14:25.952734254,1594.0140845692572
2024/12/16 19:14:26.50685786,1630.6870225211092
2024/12/16 19:14:26.150400844,1646.6000585358875
2024/12/16 19:14:26.251324779,1690.5793223457767
2024/12/16 19:14:26.352260637,1702.7101780266426
2024/12/16 19:14:26.451643066,1731.3367791934882
2024/12/16 19:14:26.552415718,1738.4759066438794
2024/12/16 19:14:26.648272813,1775.244795014598
2024/12/16 19:14:26.748653039,1787.0581925821878
2024/12/16 19:14:26.849047112,1847.5977345223848
2024/12/16 19:14:26.948072574,1859.635532017127
2024/12/16 19:14:27.49438979,1871.8120323893052
2024/12/16 19:14:27.150387169,1878.7831849006
2024/12/16 19:14:27.252081070,1911.6731399836924
2024/12/16 19:14:27.350352092,1940.1366710557286
2024/12/16 19:14:27.452444454,2003.306418962696
2024/12/16 19:14:27.551794079,1997.1654456895508
2024/12/16 19:14:27.650953004,2016.7217967786219
2024/12/16 19:14:27.751829700,2076.103091359504
2024/12/16 19:14:27.853041062,2048.096306863073
2024/12/16 19:14:27.952905415,2076.3426248392448
2024/12/16 19:14:28.53365630,2125.1736653680437
2024/12/16 19:14:28.152048482,2133.0777343136087
2024/12/16 19:14:28.251902422,2161.5212930018483
2024/12/16 19:14:28.352566250,2164.255529845256
2024/12/16 19:14:28.451179198,2217.1899851569656
2024/12/16 19:14:28.550543241,2216.7161383701537
2024/12/16 19:14:28.651294709,2240.942696108934
2024/12/16 19:14:28.751849287,2289.9965150478565
2024/12/16 19:14:28.848794343,2318.176780164802
2024/12/16 19:14:28.954925557,2350.038197498639
2024/12/16 19:14:29.50298441,2350.0817362062735
2024/12/16 19:14:29.148088136,2361.994607458076
2024/12/16 19:14:29.248366767,2354.7814006341982
2024/12/16 19:14:29.348332214,2410.480680047266
2024/12/16 19:14:29.448096928,2446.863323881467
2024/12/16 19:14:29.550792648,2506.145235608588
2024/12/16 19:14:29.650562285,2494.827374753305
2024/12/16 19:14:29.751964792,2506.4770815086554
2024/12/16 19:14:29.851921308,2578.123740777204
2024/12/16 19:14:29.954641295,2550.1428620811803
2024/12/16 19:14:30.52492662,2574.424616050151
2024/12/16 19:14:30.152250710,2650.6002788633286
2024/12/16 19:14:30.251707487,2647.742883367079
2024/12/16 19:14:30.350665837,2671.917921118605
2024/12/16 19:14:30.453140817,2712.0804984282295
2024/12/16 19:14:30.553370992,2708.3182686577197
2024/12/16 19:14:30.650994715,2706.4134919401135
2024/12/16 19:14:30.753539304,2738.631902990939
2024/12/16 19:14:30.853181289,2780.1284076362026
2024/12/16 19:14:30.957104926,2803.995319818618
2024/12/16 19:14:31.49463413,2798.232365453308
2024/12/16 19:14:31.150357824,2838.607045881933
2024/12/16 19:14:31.251023784,2829.877873704355
2024/12/16 19:14:31.353069571,2851.3551791909845
2024/12/16 19:14:31.451269815,2834.2424597931404
2024/12/16 19:14:31.552317926,2842.626007013413
2024/12/16 19:14:31.651624636,2838.6070458819263
2024/12/16 19:14:31.752161184,2834.2424597931476
2024/12/16 19:14:31.848735710,2870.665697819001
2024/12/16 19:14:31.948745835,2829.8778737043617
2024/12/16 19:14:32.48220746,2842.6260070134063
2024/12/16 19:14:32.155700537,2851.3551791909845
2024/12/16 19:14:32.248358508,2834.2424597931404
2024/12/16 19:14:32.352818336,2846.990593102199
2024/12/16 19:14:32.452876702,2870.665697819001
2024/12/16 19:14:32.554193707,2834.2424597931404
2024/12/16 19:14:32.652150632,2834.2424597931476
2024/12/16 19:14:32.751029914,2851.355179190977
2024/12/16 19:14:32.851344819,2788.901730925269
2024/12/16 19:14:32.953560567,2846.9905931021917
2024/12/16 19:14:33.52496683,2886.412545790875
2024/12/16 19:14:33.151355077,2829.877873704355
2024/12/16 19:14:33.253103735,2838.607045881933
2024/12/16 19:14:33.351712614,2842.6260070134063
2024/12/16 19:14:33.454396628,2858.828145460603
2024/12/16 19:14:33.551363762,2846.9905931021917
2024/12/16 19:14:33.652448588,2834.2424597931476
2024/12/16 19:14:33.752921055,2846.9905931021917
2024/12/16 19:14:33.853390937,2838.6070458819263
2024/12/16 19:14:33.953182104,2816.6744499199876
2024/12/16 19:14:34.48348953,2863.1927315493817
2024/12/16 19:14:34.152392623,2850.098973283032
2024/12/16 19:14:34.257603693,2821.039036008766
2024/12/16 19:14:34.349960747,2838.607045881933
2024/12/16 19:14:34.450936553,2846.9905931021917
2024/12/16 19:14:34.550093045,2858.828145460603
2024/12/16 19:14:34.647853606,2846.9905931021917
2024/12/16 19:14:34.755040054,2846.990593102199
2024/12/16 19:14:34.848825012,2829.877873704355
2024/12/16 19:14:34.953502608,2851.3551791909845
2024/12/16 19:14:35.51878527,2846.9905931021917
2024/12/16 19:14:35.151717483,2846.9905931021917
2024/12/16 19:14:35.252160784,2854.4635593718176
2024/12/16 19:14:35.352542467,2838.6070458819263
2024/12/16 19:14:35.452275586,2882.0479597020894
2024/12/16 19:14:35.550505548,2858.8281454605963
2024/12/16 19:14:35.650368165,2846.990593102199
2024/12/16 19:14:35.751336648,2834.2424597931404
2024/12/16 19:14:35.851353960,2863.192731549389
2024/12/16 19:14:35.952950440,2850.098973283025
2024/12/16 19:14:36.52485309,2863.192731549389
2024/12/16 19:14:36.150422413,2842.9716319707118
2024/12/16 19:14:36.251703580,2850.098973283032
2024/12/16 19:14:36.351848599,2846.9905931021917
2024/12/16 19:14:36.451538717,2834.2424597931404
2024/12/16 19:14:36.551914801,2851.3551791909845
2024/12/16 19:14:36.652410755,2877.6833736132967
2024/12/16 19:14:36.753515714,2854.4635593718176
2024/12/16 19:14:36.851014770,2829.7682081863372
2024/12/16 19:14:36.949192101,2846.990593102199
2024/12/16 19:14:37.50111282,2857.571939552644
2024/12/16 19:14:37.149362935,2838.607045881933
2024/12/16 19:14:37.250934074,2863.1927315493817
2024/12/16 19:14:37.357896623,2870.6656978190153
2024/12/16 19:14:37.448376687,2838.607045881933
2024/12/16 19:14:37.554017261,2816.6744499199876
2024/12/16 19:14:37.653888590,2834.2424597931404
2024/12/16 19:14:37.751958023,2858.828145460603
2024/12/16 19:14:37.853170117,2400.546606138098
2024/12/16 19:14:37.954274001,1930.773139414487
2024/12/16 19:14:38.51109804,1485.2397334010334
2024/12/16 19:14:38.150712635,1043.1603325257113
2024/12/16 19:14:38.251654415,564.657693624536
2024/12/16 19:14:38.351121507,332.53147105133667
2024/12/16 19:14:38.452662665,309.6527928973062
2024/12/16 19:14:38.550427602,309.99617341969395
2024/12/16 19:14:38.651563182,212.79772670488728
2024/12/16 19:14:38.751411694,100.04075068264638
2024/12/16 19:14:38.851035317,58.812020061012085
2024/12/16 19:14:38.955399237,0.0
2024/12/16 19:14:39.52519532,0.0
2024/12/16 19:14:39.150710279,0.0
2024/12/16 19:14:39.252935403,0.0
2024/12/16 19:14:39.350835918,0.0
2024/12/16 19:14:39.448432689,0.0
2024/12/16 19:14:39.549634792,0.0
2024/12/16 19:14:39.649651421,0.0
2024/12/16 19:14:39.748702081,0.0
2024/12/16 19:14:39.848957228,0.0
2024/12/16 19:14:39.953177979,0.0
2024/12/16 19:14:40.49674718,0.0
2024/12/16 19:14:40.152849544,0.0
2024/12/16 19:14:40.251402426,0.0
2024/12/16 19:14:40.351627224,0.0
2024/12/16 19:14:40.452151908,0.0
2024/12/16 19:14:40.552721764,0.0
2024/12/16 19:14:40.651321054,0.0
2024/12/16 19:14:40.751131206,0.0
2024/12/16 19:14:40.853111883,0.0
2024/12/16 19:14:40.952539772,0.0
2024/12/16 19:14:41.51606907,0.0
2024/12/16 19:14:41.151062697,0.0
2024/12/16 19:14:41.250670229,0.0
2024/12/16 19:14:41.351447004,0.0
2024/12/16 19:14:41.451918622,0.0
2024/12/16 19:14:41.551286233,0.0
2024/12/16 19:14:41.654837375,0.0
2024/12/16 19:14:41.751360773,0.0
2024/12/16 19:14:41.851684505,0.0
2024/12/16 19:14:41.955640875,0.0
2024/12/16 19:14:42.48672487,0.0
2024/12/16 19:14:42.149304839,0.0
2024/12/16 19:14:42.248636740,0.0
2024/12/16 19:14:42.347955627,0.0
2024/12/16 19:14:42.455147698,0.0
2024/12/16 19:14:42.549539427,0.0
2024/12/16 19:14:42.650633382,0.0
2024/12/16 19:14:42.752903792,0.0
2024/12/16 19:14:42.851803870,0.0
2024/12/16 19:14:42.956443550,0.0
2024/12/16 19:14:43.52000901,0.0
2024/12/16 19:14:43.152031159,0.0
2024/12/16 19:14:43.251772246,0.0
2024/12/16 19:14:43.351841878,0.0
2024/12/16 19:14:43.451112403,0.0
2024/12/16 19:14:43.551763712,0.0
2024/12/16 19:14:43.652551870,0.0
2024/12/16 19:14:43.753154946,0.0
2024/12/16 19:14:43.851389356,0.0
2024/12/16 19:14:43.953351683,0.0
2024/12/16 19:14:44.52557771,0.0
2024/12/16 19:14:44.152219108,0.0
2024/12/16 19:14:44.251014201,0.0
2024/12/16 19:14:44.351153092,0.0
2024/12/16 19:14:44.452979371,0.0
2024/12/16 19:14:44.552074569,0.0
2024/12/16 19:14:44.648843247,0.0
2024/12/16 19:14:44.749572602,0.0
2024/12/16 19:14:44.849101838,0.0
2024/12/16 19:14:44.949011275,0.0
2024/12/16 19:14:45.50467651,0.0
2024/12/16 19:14:45.150999886,0.0
2024/12/16 19:14:45.252295576,0.0
2024/12/16 19:14:45.352465327,0.0
2024/12/16 19:14:45.452019910,0.0
2024/12/16 19:14:45.552094641,0.0
2024/12/16 19:14:45.652136975,0.0
2024/12/16 19:14:45.752942371,0.0
2024/12/16 19:14:45.853316343,0.0
2024/12/16 19:14:45.957175408,0.0
2024/12/16 19:14:46.50564428,0.0
2024/12/16 19:14:46.150546685,0.0
2024/12/16 19:14:46.252493377,0.0
2024/12/16 19:14:46.350763164,0.0
2024/12/16 19:14:46.451439251,0.0
2024/12/16 19:14:46.552653925,0.0
2024/12/16 19:14:46.650625232,0.0
2024/12/16 19:14:46.753218265,0.0
2024/12/16 19:14:46.852986626,0.0
2024/12/16 19:14:46.954307772,0.0
2024/12/16 19:14:47.51490431,0.0
2024/12/16 19:14:47.148795053,0.0
2024/12/16 19:14:47.249964391,0.0
2024/12/16 19:14:47.349594523,0.0
2024/12/16 19:14:47.448479337,0.0
2024/12/16 19:14:47.555747046,0.0
2024/12/16 19:14:47.648811945,0.0
2024/12/16 19:14:47.751851644,0.0
2024/12/16 19:14:47.851227305,0.0
2024/12/16 19:14:47.953389830,0.0
2024/12/16 19:14:48.49690953,0.0
2024/12/16 19:14:48.151953860,0.0
2024/12/16 19:14:48.251464051,0.0
2024/12/16 19:14:48.352744739,0.0
2024/12/16 19:14:48.453096332,0.0
2024/12/16 19:14:48.551000531,0.0
2024/12/16 19:14:48.653603444,0.0
2024/12/16 19:14:48.752725210,0.0
2024/12/16 19:14:48.851749092,0.0
2024/12/16 19:14:48.954157894,0.0
2024/12/16 19:14:49.51105401,0.0
2024/12/16 19:14:49.151383515,0.0
2024/12/16 19:14:49.252058697,0.0
2024/12/16 19:14:49.353647754,0.0
2024/12/16 19:14:49.452854112,0.0
2024/12/16 19:14:49.551454218,0.0
2024/12/16 19:14:49.650036130,0.0
2024/12/16 19:14:49.748771428,0.0
2024/12/16 19:14:49.849179286,0.0
2024/12/16 19:14:49.949230740,0.0
2024/12/16 19:14:50.51315872,0.0
2024/12/16 19:14:50.154693846,0.0
2024/12/16 19:14:50.248776363,0.0
2024/12/16 19:14:50.354430950,0.0
2024/12/16 19:14:50.453609405,0.0
2024/12/16 19:14:50.551674497,0.0
2024/12/16 19:14:50.652856973,0.0
2024/12/16 19:14:50.751413471,0.0
2024/12/16 19:14:50.852144604,0.0
2024/12/16 19:14:50.951790267,0.0
2024/12/16 19:14:51.50944973,0.0
2024/12/16 19:14:51.150304664,0.0
2024/12/16 19:14:51.251463743,0.0
2024/12/16 19:14:51.352909897,0.0
2024/12/16 19:14:51.451880736,0.0
2024/12/16 19:14:51.551519150,0.0
2024/12/16 19:14:51.651336328,513.0038025860476
2024/12/16 19:14:51.753388096,991.3666882170829
2024/12/16 19:14:51.852039406,1092.6945067687716
2024/12/16 19:14:51.953644902,1064.4934675779764
2024/12/16 19:14:52.49894400,1078.6879016901632
2024/12/16 19:14:52.151852042,1224.4596173862187
2024/12/16 19:14:52.249267462,1315.134577306721
2024/12/16 19:14:52.349069546,1283.0202582461213
2024/12/16 19:14:52.450601559,1306.930023278652
2024/12/16 19:14:52.550394493,1303.0640460122502
2024/12/16 19:14:52.648722878,1309.6670781048715
2024/12/16 19:14:52.752329007,1347.445184058912
2024/12/16 19:14:52.850253270,1425.1192846471702
2024/12/16 19:14:52.953815720,1416.3013946533029
2024/12/16 19:14:53.52524879,1444.5394709612733
2024/12/16 19:14:53.153430964,1484.8827865244014
2024/12/16 19:14:53.252611899,1476.8041012424228
2024/12/16 19:14:53.354279476,1479.0241612510151
2024/12/16 19:14:53.453154444,1511.6076676851828
2024/12/16 19:14:53.554639970,1565.0315799064867
2024/12/16 19:14:53.653930703,1612.850729613944
2024/12/16 19:14:53.753481938,1557.8982526206971
2024/12/16 19:14:53.853524182,1638.2484052808836
2024/12/16 19:14:53.959279438,1673.646121050988
2024/12/16 19:14:54.52984944,1669.7725809544975
2024/12/16 19:14:54.152144902,1698.373405395786
2024/12/16 19:14:54.255980234,1741.106154226617
2024/12/16 19:14:54.352967453,1777.1037281737445
2024/12/16 19:14:54.454112370,1744.85764654146
2024/12/16 19:14:54.551504662,1781.886802850622
2024/12/16 19:14:54.652599103,1375.7753495258444
2024/12/16 19:14:54.752696532,894.2739959618531
2024/12/16 19:14:54.848968693,402.56793327630345
2024/12/16 19:14:54.950099371,300.51410875594956
2024/12/16 19:14:55.50577962,333.7314406163621
2024/12/16 19:14:55.148681202,270.2244890754764
2024/12/16 19:14:55.249573996,63.930709333163044
2024/12/16 19:14:55.351170444,479.10398664686744
2024/12/16 19:14:55.455571871,1046.654452442236
2024/12/16 19:14:55.554884096,1157.6550124022137
2024/12/16 19:14:55.653554907,1053.612465218246
2024/12/16 19:14:55.755055887,1059.1852930988523
2024/12/16 19:14:55.852216341,1249.5218587245213
2024/12/16 19:14:55.953214814,1344.536109601241
2024/12/16 19:14:56.50631787,1319.1826612125403
2024/12/16 19:14:56.153425038,1307.9072659828369
2024/12/16 19:14:56.252735563,1315.3409518014655
2024/12/16 19:14:56.353592649,1368.4662374064915
2024/12/16 19:14:56.453334569,1396.7804822174708
2024/12/16 19:14:56.551813561,1400.5522567788507
2024/12/16 19:14:56.651557572,1428.6323884956953
2024/12/16 19:14:56.753478446,1440.4718687440438
2024/12/16 19:14:56.852801098,1500.5967362169208
2024/12/16 19:14:56.955832790,1513.232504026717
2024/12/16 19:14:57.51701273,1525.4049313703147
2024/12/16 19:14:57.151755425,1561.5173632667968
2024/12/16 19:14:57.252676907,1589.6475473420405
2024/12/16 19:14:57.352121508,1609.8568259488754
2024/12/16 19:14:57.448887489,1626.1243454366013
2024/12/16 19:14:57.551760103,1620.1424992483096
2024/12/16 19:14:57.650405132,1658.0962951950667
2024/12/16 19:14:57.748868755,1687.36395855459
2024/12/16 19:14:57.860322853,1730.7013618199578
2024/12/16 19:14:57.950796328,1755.107032425231
2024/12/16 19:14:58.52344489,1749.9181039659577
2024/12/16 19:14:58.152644468,1769.4396003638308
2024/12/16 19:14:58.252531199,1831.341394853659
2024/12/16 19:14:58.352921169,1839.287255367228
2024/12/16 19:14:58.451630935,1855.1332537294904
2024/12/16 19:14:58.552123240,1915.776571848892
2024/12/16 19:14:58.653194923,1935.5131592337223
2024/12/16 19:14:58.754478524,1963.9698978982806
2024/12/16 19:14:58.852737837,1959.687161844767
2024/12/16 19:14:58.959289112,2011.836807994316
2024/12/16 19:14:59.54315175,1999.6158472938152
2024/12/16 19:14:59.154328387,2048.9555813666034
2024/12/16 19:14:59.253237274,2061.1557884861895
2024/12/16 19:14:59.351793311,2076.628621896705
2024/12/16 19:14:59.454515675,2096.6369357430112
2024/12/16 19:14:59.553941744,2149.2117123332814
2024/12/16 19:14:59.651414983,2145.140160945569
2024/12/16 19:14:59.752007916,2205.3257700866598
2024/12/16 19:14:59.854090887,1973.938195329255
2024/12/16 19:14:59.953489895,1489.705098913324
2024/12/16 19:15:00.49154596,1066.1042888618158
2024/12/16 19:15:00.149386002,590.7100301414598
2024/12/16 19:15:00.249576752,354.2192214794748
2024/12/16 19:15:00.351879696,324.6995048600566
2024/12/16 19:15:00.453518698,309.02906559968676
2024/12/16 19:15:00.550811087,198.54854195407634
2024/12/16 19:15:00.654414718,91.97731392192823
2024/12/16 19:15:00.754730660,77.42240267991914
2024/12/16 19:15:00.851048120,98.12980510548661
2024/12/16 19:15:00.955518292,0.0
2024/12/16 19:15:01.52820177,238.32284461698393
2024/12/16 19:15:01.154238687,760.2882084462378
2024/12/16 19:15:01.254146980,1058.827705098961
2024/12/16 19:15:01.352690206,1073.0201246170552
2024/12/16 19:15:01.452173389,1048.9862205062634
2024/12/16 19:15:01.552716042,1145.543743659966
2024/12/16 19:15:01.653041534,1263.0346892321877
2024/12/16 19:15:01.754326169,1293.6423844667452
2024/12/16 19:15:01.852700084,1325.245684165843
2024/12/16 19:15:01.953774071,817.0705112222264
2024/12/16 19:15:02.51374979,379.355696435683
2024/12/16 19:15:02.150932688,294.49324445960957
2024/12/16 19:15:02.251948352,323.12665919520134
2024/12/16 19:15:02.351548968,246.41628386994122
2024/12/16 19:15:02.451807008,119.73362177714048
2024/12/16 19:15:02.551598369,302.05210487914997
2024/12/16 19:15:02.649150419,305.44196312634296
2024/12/16 19:15:02.750060725,131.42559771602848
2024/12/16 19:15:02.850603998,20.034493119771483
2024/12/16 19:15:02.949665355,0.0
2024/12/16 19:15:03.49229613,0.0
2024/12/16 19:15:03.152676681,0.0
2024/12/16 19:15:03.251805522,0.0
2024/12/16 19:15:03.351769244,0.0
2024/12/16 19:15:03.451106836,0.0
2024/12/16 19:15:03.551982652,0.0
2024/12/16 19:15:03.652278604,0.0
2024/12/16 19:15:03.752954358,0.0
2024/12/16 19:15:03.852778548,0.0
2024/12/16 19:15:03.954036421,0.0
2024/12/16 19:15:04.51548702,0.0
2024/12/16 19:15:04.151787057,0.0
2024/12/16 19:15:04.252913220,0.0
2024/12/16 19:15:04.351879280,0.0
2024/12/16 19:15:04.452022853,0.0
2024/12/16 19:15:04.551107820,0.0
2024/12/16 19:15:04.651007277,0.0
2024/12/16 19:15:04.753752178,0.0
2024/12/16 19:15:04.852187293,0.0
2024/12/16 19:15:04.952335432,0.0
2024/12/16 19:15:05.54209481,0.0
2024/12/16 19:15:05.149326168,0.0
2024/12/16 19:15:05.250477620,0.0
2024/12/16 19:15:05.349657786,0.0
2024/12/16 19:15:05.449192843,0.0
2024/12/16 19:15:05.551668545,0.0
2024/12/16 19:15:05.649914448,0.0
2024/12/16 19:15:05.751929860,0.0
2024/12/16 19:15:05.851078243,0.0
2024/12/16 19:15:05.952150843,0.0
2024/12/16 19:15:06.52075337,0.0
2024/12/16 19:15:06.151284920,0.0
2024/12/16 19:15:06.251295301,0.0
2024/12/16 19:15:06.351214278,0.0
2024/12/16 19:15:06.452411760,0.0
2024/12/16 19:15:06.553688331,0.0
2024/12/16 19:15:06.653788652,0.0
2024/12/16 19:15:06.753547976,0.0
2024/12/16 19:15:06.852637261,0.0
2024/12/16 19:15:06.954955999,0.0
2024/12/16 19:15:07.52209349,0.0
2024/12/16 19:15:07.151576896,0.0
2024/12/16 19:15:07.252114198,0.0
2024/12/16 19:15:07.353608449,0.0
2024/12/16 19:15:07.452179800,0.0
2024/12/16 19:15:07.552448168,0.0
2024/12/16 19:15:07.649796907,0.0
2024/12/16 19:15:07.750328236,0.0
2024/12/16 19:15:07.850272672,0.0
2024/12/16 19:15:07.949503939,0.0
2024/12/16 19:15:08.50808378,0.0
2024/12/16 19:15:08.150685162,0.0
2024/12/16 19:15:08.253768456,0.0
2024/12/16 19:15:08.354491574,0.0
2024/12/16 19:15:08.453047711,0.0
2024/12/16 19:15:08.554926988,0.0
2024/12/16 19:15:08.652017928,0.0
2024/12/16 19:15:08.751186164,0.0
2024/12/16 19:15:08.851731094,0.0
2024/12/16 19:15:08.955335746,0.0
2024/12/16 19:15:09.50923754,0.0
2024/12/16 19:15:09.151353910,0.0
2024/12/16 19:15:09.251243478,0.0
2024/12/16 19:15:09.351255984,0.0
2024/12/16 19:15:09.452995002,0.0
2024/12/16 19:15:09.554808293,0.0
2024/12/16 19:15:09.653122748,0.0
2024/12/16 19:15:09.753938182,0.0
2024/12/16 19:15:09.853746745,0.0
2024/12/16 19:15:09.955310554,0.0
2024/12/16 19:15:10.54989427,0.0
2024/12/16 19:15:10.152513658,0.0
2024/12/16 19:15:10.249363347,0.0
2024/12/16 19:15:10.349884939,0.0
2024/12/16 19:15:10.451397482,0.0
2024/12/16 19:15:10.549500714,0.0
2024/12/16 19:15:10.655761377,0.0
2024/12/16 19:15:10.752269890,0.0
2024/12/16 19:15:10.853900036,0.0
2024/12/16 19:15:10.959446549,0.0
2024/12/16 19:15:11.53779186,0.0
2024/12/16 19:15:11.153246906,0.0
2024/12/16 19:15:11.254767990,0.0
2024/12/16 19:15:11.354864740,0.0
2024/12/16 19:15:11.453907102,0.0
2024/12/16 19:15:11.554860094,0.0
2024/12/16 19:15:11.653280036,0.0
2024/12/16 19:15:11.756860745,0.0
2024/12/16 19:15:11.854380459,0.0
2024/12/16 19:15:11.955183668,80.69594290127809
2024/12/16 19:15:12.54102388,69.78952963354337
2024/12/16 19:15:12.153644214,111.38848144151824
2024/12/16 19:15:12.253807985,126.87397159945255
2024/12/16 19:15:12.354004428,132.16257287340918
2024/12/16 19:15:12.453125867,144.60883029275644
2024/12/16 19:15:12.553975833,157.36214181490342
2024/12/16 19:15:12.653216585,164.29358286416954
2024/12/16 19:15:12.750757884,182.64569647693753
2024/12/16 19:15:12.852408068,201.24680586171186
2024/12/16 19:15:12.952922948,215.44155100484568
2024/12/16 19:15:13.50785218,221.236591771539
2024/12/16 19:15:13.150035836,220.68184481013316
2024/12/16 19:15:13.251930697,219.49941282041578
2024/12/16 19:15:13.355423732,213.69930540452418
2024/12/16 19:15:13.454500676,221.21323292738862
2024/12/16 19:15:13.555747514,225.35253251690193
2024/12/16 19:15:13.653916640,226.14809318616432
2024/12/16 19:15:13.754737647,226.44529028256412
2024/12/16 19:15:13.852676315,0.0
2024/12/16 19:15:13.960921750,142.32569414667975
2024/12/16 19:15:14.52674825,103.94843559846662
2024/12/16 19:15:14.152916277,0.0
2024/12/16 19:15:14.253367966,0.0
2024/12/16 19:15:14.353494781,-108.78486364389126
2024/12/16 19:15:14.453838121,-126.0930856286082
2024/12/16 19:15:14.553451701,-189.49014222996706
2024/12/16 19:15:14.653704231,-205.92231197572966
2024/12/16 19:15:14.753819203,-200.58780397561574
2024/12/16 19:15:14.853696116,-179.31384149835836
2024/12/16 19:15:14.957763124,-167.81472789898166
2024/12/16 19:15:15.53093144,-170.0031810026723
2024/12/16 19:15:15.154878388,-174.15023775964534
2024/12/16 19:15:15.252976910,-166.03584882105827
2024/12/16 19:15:15.350218101,-154.7580493726103
2024/12/16 19:15:15.451020569,-152.84136477121083
2024/12/16 19:15:15.551679255,-155.6137414854405
2024/12/16 19:15:15.650293091,-157.0048769156894
2024/12/16 19:15:15.762661257,-150.22301144463154
2024/12/16 19:15:15.850852229,-153.90930127692306
2024/12/16 19:15:15.954752337,-161.2575075900169
2024/12/16 19:15:16.53826018,-166.53228972555792
2024/12/16 19:15:16.155064912,-157.33346221143145
2024/12/16 19:15:16.255156501,-154.52903104314416
2024/12/16 19:15:16.353312993,-157.95346258142152
2024/12/16 19:15:16.455128861,-168.70189720073043
2024/12/16 19:15:16.553877932,-170.99092099590564
2024/12/16 19:15:16.654592420,-163.93799844149115
2024/12/16 19:15:16.755615829,-161.00880525506838
2024/12/16 19:15:16.854483739,-163.64356355742234
2024/12/16 19:15:16.955026505,-168.00248927204186
2024/12/16 19:15:17.53570772,-170.3632981407831
2024/12/16 19:15:17.154769315,-174.68362232579472
2024/12/16 19:15:17.254598928,-177.38965459189296
2024/12/16 19:15:17.353706859,-177.01500813379357
2024/12/16 19:15:17.454686590,-183.6402025056306
2024/12/16 19:15:17.553171510,-187.72688094319832
2024/12/16 19:15:17.653569349,-190.4536752589991
2024/12/16 19:15:17.753825814,-192.83069700424812
2024/12/16 19:15:17.850836974,-202.38796441655478
2024/12/16 19:15:17.958335091,-201.61120473224435
2024/12/16 19:15:18.53910047,-188.25133083688252
2024/12/16 19:15:18.149746401,-198.63344850857578
2024/12/16 19:15:18.251530857,-236.04409904984672
2024/12/16 19:15:18.352717424,-271.7909087539978
2024/12/16 19:15:18.453215142,-311.31711940053975
2024/12/16 19:15:18.554026798,-334.1248996763581
2024/12/16 19:15:18.654381366,-351.9486573310329
2024/12/16 19:15:18.754449240,-358.79982867905517
2024/12/16 19:15:18.856227492,-371.8032582355607
2024/12/16 19:15:18.959099416,-382.5265082631892
2024/12/16 19:15:19.52713273,-386.66170863355575
2024/12/16 19:15:19.153414359,-383.812399464435
2024/12/16 19:15:19.254539507,-392.39553656803486
2024/12/16 19:15:19.355121750,-382.5007569322663
2024/12/16 19:15:19.454215554,-378.5142434136414
2024/12/16 19:15:19.555336372,-391.19921814493983
2024/12/16 19:15:19.653578440,-398.9710435784711
2024/12/16 19:15:19.755784688,-392.93380704145807
2024/12/16 19:15:19.854909640,-392.9742906927863
2024/12/16 19:15:19.954505497,-404.18853460852426
2024/12/16 19:15:20.51000364,-410.2544287898403
2024/12/16 19:15:20.156269388,-413.17938039335405
2024/12/16 19:15:20.253917216,-406.4730535004788
2024/12/16 19:15:20.354246931,-395.68678990787475
2024/12/16 19:15:20.450076117,-393.5647091340104
2024/12/16 19:15:20.550223895,-414.94048738531137
2024/12/16 19:15:20.650345025,-423.1180454412271
2024/12/16 19:15:20.749875326,-401.2191500505263
2024/12/16 19:15:20.860992380,-389.2334701175406
2024/12/16 19:15:20.955926325,-394.5183019272706
2024/12/16 19:15:21.53228126,-392.32839402718554
2024/12/16 19:15:21.154766672,-382.82154281776866
2024/12/16 19:15:21.254921566,-367.72447407251883
2024/12/16 19:15:21.353555902,-356.3870120130159
2024/12/16 19:15:21.454174156,-356.44014633229756
2024/12/16 19:15:21.554963863,-357.13638870990513
2024/12/16 19:15:21.655006180,-360.02182465586003
2024/12/16 19:15:21.753794268,-345.8093272606125
2024/12/16 19:15:21.854343278,-340.1421608751419
2024/12/16 19:15:21.959910449,-349.97780547520483
2024/12/16 19:15:22.51499126,-340.6379143614005
2024/12/16 19:15:22.155590553,-334.58797024647265
2024/12/16 19:15:22.253889773,-333.91761407704007
2024/12/16 19:15:22.356425993,-342.2760166352864
2024/12/16 19:15:22.455619498,-305.2768590281253
2024/12/16 19:15:22.555458602,-282.10154493052744
2024/12/16 19:15:22.656736922,-283.24970214198146
2024/12/16 19:15:22.754767017,-288.6182259693422
2024/12/16 19:15:22.854609236,-277.8291297525361
2024/12/16 19:15:22.955289665,-273.4597952744297
2024/12/16 19:15:23.50056545,-274.41250051497127
2024/12/16 19:15:23.150984294,-275.41325474761135
2024/12/16 19:15:23.251275603,-271.26671917950665
2024/12/16 19:15:23.349809530,-269.8236713674865
2024/12/16 19:15:23.457726254,-262.27690729480474
2024/12/16 19:15:23.550482364,-264.37380275729635
2024/12/16 19:15:23.653328456,-277.8952616937973
2024/12/16 19:15:23.753278599,-280.23770902666604
2024/12/16 19:15:23.854297105,-281.4005291346855
2024/12/16 19:15:23.955161001,-285.9963468591942
2024/12/16 19:15:24.54679829,-302.6449931683309
2024/12/16 19:15:24.153399031,-316.71434081826965
2024/12/16 19:15:24.256001431,-313.39249043086465
2024/12/16 19:15:24.355893724,-315.3779230693682
2024/12/16 19:15:24.454465837,-322.23376051373464
2024/12/16 19:15:24.554374918,-323.48037174509733
2024/12/16 19:15:24.655019789,-320.8259836239781
2024/12/16 19:15:24.754350947,-335.29847115325146
2024/12/16 19:15:24.853541357,-357.8195508581659
2024/12/16 19:15:24.955558964,-366.8180311559313
2024/12/16 19:15:25.53358272,-369.4716424517737
2024/12/16 19:15:25.153941021,0.0
2024/12/16 19:15:25.253175112,-367.34237577210445
2024/12/16 19:15:25.353956570,-451.78258722043336
2024/12/16 19:15:25.453485115,-459.57461946199334
2024/12/16 19:15:25.552456666,-408.3262237992751
2024/12/16 19:15:25.650362120,-348.88447564573477
2024/12/16 19:15:25.758143025,-380.2664056392099
2024/12/16 19:15:25.850410257,-442.6764234896161
2024/12/16 19:15:25.951530192,-459.8988684528017
2024/12/16 19:15:26.51802631,-445.45727140895264
2024/12/16 19:15:26.154956641,-420.9131910634252
2024/12/16 19:15:26.255006075,-425.18458779351965
2024/12/16 19:15:26.354339976,-441.123958007581
2024/12/16 19:15:26.454048077,-443.5839556310602
2024/12/16 19:15:26.555521536,-415.25262011162187
2024/12/16 19:15:26.654266804,-408.80454283658224
2024/12/16 19:15:26.754463972,-422.8373391533332
2024/12/16 19:15:26.853133422,-426.90100067715747
2024/12/16 19:15:26.961018795,-421.64832426621973
2024/12/16 19:15:27.53842112,-406.1919781444905
2024/12/16 19:15:27.154966980,-386.4686587417852
2024/12/16 19:15:27.254726498,0.0
2024/12/16 19:15:27.354767415,443.1594276522372
2024/12/16 19:15:27.452666393,243.7121329449755
2024/12/16 19:15:27.554031648,-3.811769628861948
2024/12/16 19:15:27.653262495,0.0
2024/12/16 19:15:27.753361555,0.0
2024/12/16 19:15:27.853737221,0.0
2024/12/16 19:15:27.954115533,0.0
2024/12/16 19:15:28.55658153,0.0
2024/12/16 19:15:28.150551728,0.0
2024/12/16 19:15:28.251057174,0.0
2024/12/16 19:15:28.352243945,-478.039604607033
2024/12/16 19:15:28.452048173,-372.9872039607421
2024/12/16 19:15:28.554381263,-469.0141807555588
2024/12/16 19:15:28.654364146,-496.4949116581515
2024/12/16 19:15:28.754143012,-391.35685569514726
2024/12/16 19:15:28.853357027,-322.69620088191135
2024/12/16 19:15:28.956351057,-361.28792355453663
2024/12/16 19:15:29.53016416,-392.34802691181403
2024/12/16 19:15:29.154833222,-364.9381624549724
2024/12/16 19:15:29.255110581,-323.84279481437846
2024/12/16 19:15:29.353440813,-331.3859504965211
2024/12/16 19:15:29.460550370,-354.9069076670008
2024/12/16 19:15:29.554735890,-338.8173321702089
2024/12/16 19:15:29.655090216,-317.97451691538276
2024/12/16 19:15:29.753974411,-309.67785979635806
2024/12/16 19:15:29.853450984,-302.6325192831536
2024/12/16 19:15:29.954984701,-304.76946194348665
2024/12/16 19:15:30.55989208,-291.071160806692
2024/12/16 19:15:30.155559084,346.08727485870116
2024/12/16 19:15:30.253676252,-139.81965912034508
2024/12/16 19:15:30.353062206,-285.7705772475385
2024/12/16 19:15:30.454096072,-296.276306180085
2024/12/16 19:15:30.554412163,0.0
2024/12/16 19:15:30.650318456,-122.002244234539
2024/12/16 19:15:30.752670507,-226.80599882462138
2024/12/16 19:15:30.854980156,-227.23017367445695
2024/12/16 19:15:30.950740506,-145.3990214008861
2024/12/16 19:15:31.53481305,-106.68905528316586
2024/12/16 19:15:31.150840270,-126.43013159081393
2024/12/16 19:15:31.255270869,-139.52514658737493
2024/12/16 19:15:31.354765497,-119.47367225926776
2024/12/16 19:15:31.453910355,-89.79931315456837
2024/12/16 19:15:31.553274788,0.0
2024/12/16 19:15:31.653703709,0.0
2024/12/16 19:15:31.753967622,0.0
2024/12/16 19:15:31.854533045,-110.76990196612437
2024/12/16 19:15:31.956255772,-104.25783495169479
2024/12/16 19:15:32.54615367,-115.88195166110836
2024/12/16 19:15:32.155195252,-106.99307606138508
2024/12/16 19:15:32.254406559,-94.6571030873321
2024/12/16 19:15:32.353782471,0.0
2024/12/16 19:15:32.453848648,0.0
2024/12/16 19:15:32.556292231,-124.63694200146932
2024/12/16 19:15:32.655433127,0.0
2024/12/16 19:15:32.754873295,0.0
2024/12/16 19:15:32.854362481,0.0
2024/12/16 19:15:32.957056977,0.0
2024/12/16 19:15:33.53398479,0.0
2024/12/16 19:15:33.154736060,-89.16495636881146
2024/12/16 19:15:33.250796049,-77.44116262385184
2024/12/16 19:15:33.352163902,-139.43742325962418
2024/12/16 19:15:33.450390809,-116.58558076752578
2024/12/16 19:15:33.561390899,-137.42157068380737
2024/12/16 19:15:33.653184953,-109.06726729249486
2024/12/16 19:15:33.756759722,-202.43730669460635
2024/12/16 19:15:33.855857279,-267.7298961572577
2024/12/16 19:15:33.957563538,-294.97615452117753
2024/12/16 19:15:34.53949670,-276.9813044750981
2024/12/16 19:15:34.154693801,-284.9789649625228
2024/12/16 19:15:34.254017656,-312.57428213591805
2024/12/16 19:15:34.354006097,-330.9963597736391
2024/12/16 19:15:34.455636935,-311.93995737873047
2024/12/16 19:15:34.555032356,-293.8273222403904
2024/12/16 19:15:34.655509833,-306.4115993603263
2024/12/16 19:15:34.755453224,-320.37611219166394
2024/12/16 19:15:34.851049915,-321.70589877802547
2024/12/16 19:15:34.961946937,-317.60889494283737
2024/12/16 19:15:35.55127437,-307.4359898293372
2024/12/16 19:15:35.155388824,-319.2371619025976
2024/12/16 19:15:35.254509839,-326.60574733425386
2024/12/16 19:15:35.354829706,-316.69284341415465
2024/12/16 19:15:35.454299170,-312.8974118036219
2024/12/16 19:15:35.553881902,-318.56517590146325
2024/12/16 19:15:35.654011198,-315.58891048314007
2024/12/16 19:15:35.751647816,-306.993246282771
2024/12/16 19:15:35.854517805,-299.8772206080281
2024/12/16 19:15:35.955420652,-300.427475880513
2024/12/16 19:15:36.50393357,-314.6400326356257
2024/12/16 19:15:36.156693550,-320.88456104418213
2024/12/16 19:15:36.251246530,-302.71858164265427
2024/12/16 19:15:36.355493516,-278.8228733413115
2024/12/16 19:15:36.454671662,-286.07156480656994
2024/12/16 19:15:36.555018487,-304.4327205269299
2024/12/16 19:15:36.655250658,-303.96756850511247
2024/12/16 19:15:36.754865201,-302.09563771531276
2024/12/16 19:15:36.858699594,-303.64060927257316
2024/12/16 19:15:36.956130954,-322.7946493785056
2024/12/16 19:15:37.55372912,-332.06770954859985
2024/12/16 19:15:37.154921738,-321.2547526665763
2024/12/16 19:15:37.256130685,-318.58008999152685
2024/12/16 19:15:37.353804049,-334.8572600543135
2024/12/16 19:15:37.454103365,-335.7641764857129
2024/12/16 19:15:37.553809370,-323.9205670827466
2024/12/16 19:15:37.661271829,-316.3176423138622
2024/12/16 19:15:37.756336720,-321.34601994263534
2024/12/16 19:15:37.853331225,-321.89883195364666
2024/12/16 19:15:37.960075602,-315.29262901617227
2024/12/16 19:15:38.55389392,-307.0808926924579
2024/12/16 19:15:38.155988386,-300.71595459237733
2024/12/16 19:15:38.254804525,-302.3225308189228
2024/12/16 19:15:38.351028944,-310.77771491399074
2024/12/16 19:15:38.451614572,0.0
2024/12/16 19:15:38.551717430,-298.3103498097742
2024/12/16 19:15:38.650407298,-415.74853241873166
2024/12/16 19:15:38.764028464,-296.541136921884
2024/12/16 19:15:38.851784776,-271.29661933298036
2024/12/16 19:15:38.958067147,-219.81553881494628
2024/12/16 19:15:39.53896742,-312.6346071636108
2024/12/16 19:15:39.153773445,-258.0141340931551
2024/12/16 19:15:39.255532704,-282.0136548981324
2024/12/16 19:15:39.356235480,-219.04064697899932
2024/12/16 19:15:39.455817295,-272.6604491731625
2024/12/16 19:15:39.556557857,-224.1470709463561
2024/12/16 19:15:39.658206921,-276.0116208529098
2024/12/16 19:15:39.755229502,-219.30301407028477
2024/12/16 19:15:39.854819850,-269.9437359482104
2024/12/16 19:15:39.958477213,-218.2433243941412
2024/12/16 19:15:40.55953992,-273.2487718789501
2024/12/16 19:15:40.155335541,-216.5401650963251
2024/12/16 19:15:40.254825955,-258.40263278211296
2024/12/16 19:15:40.354728864,-213.79855016876888
2024/12/16 19:15:40.455997958,-278.6616247591825
2024/12/16 19:15:40.556244000,-224.0411516887268
2024/12/16 19:15:40.655008632,-248.75569884081722
2024/12/16 19:15:40.759333024,-193.41296348416196
2024/12/16 19:15:40.851843942,-212.37269394986373
2024/12/16 19:15:40.951715827,0.0
2024/12/16 19:15:41.51486122,118.4961863696244
2024/12/16 19:15:41.151552192,125.64831687433194
2024/12/16 19:15:41.252242829,0.0
2024/12/16 19:15:41.373814668,0.0
2024/12/16 19:15:41.451024310,0.0
2024/12/16 19:15:41.554539897,0.0
2024/12/16 19:15:41.653979991,0.0
2024/12/16 19:15:41.753602869,0.0
2024/12/16 19:15:41.854681087,0.0
2024/12/16 19:15:41.953700237,0.0
2024/12/16 19:15:42.52606301,0.0
2024/12/16 19:15:42.153661243,0.0
2024/12/16 19:15:42.253150778,0.0
2024/12/16 19:15:42.356017753,-201.71133236181586
2024/12/16 19:15:42.455232344,-157.12973113878382
2024/12/16 19:15:42.556601080,-123.63499755542462
2024/12/16 19:15:42.661015376,-71.88383625714819
2024/12/16 19:15:42.755689416,0.0
2024/12/16 19:15:42.855813093,0.0
2024/12/16 19:15:42.964200415,0.0
2024/12/16 19:15:43.53520867,0.0
2024/12/16 19:15:43.154412125,0.0
2024/12/16 19:15:43.253195183,0.0
2024/12/16 19:15:43.355359858,0.0
2024/12/16 19:15:43.451669857,0.0
2024/12/16 19:15:43.553807606,0.0
2024/12/16 19:15:43.655512013,0.0
2024/12/16 19:15:43.750733818,0.0
2024/12/16 19:15:43.864057301,0.0
2024/12/16 19:15:43.954534916,0.0
2024/12/16 19:15:44.55471879,0.0
2024/12/16 19:15:44.154006677,0.0
2024/12/16 19:15:44.255957018,0.0
2024/12/16 19:15:44.355023099,0.0
2024/12/16 19:15:44.455554950,0.0
2024/12/16 19:15:44.554969520,0.0
2024/12/16 19:15:44.654605488,0.0
2024/12/16 19:15:44.753914590,-76.71079976050625
2024/12/16 19:15:44.854148090,-159.4635678280985
2024/12/16 19:15:44.955603131,-139.321256898543
2024/12/16 19:15:45.55166554,0.0
2024/12/16 19:15:45.155374482,-105.38626683527524
2024/12/16 19:15:45.255089040,-126.03952450579187
2024/12/16 19:15:45.356507831,-130.36920774248452
2024/12/16 19:15:45.453392136,0.0
2024/12/16 19:15:45.555584190,0.0
2024/12/16 19:15:45.654454967,0.0
2024/12/16 19:15:45.752669948,0.0
2024/12/16 19:15:45.853311345,0.0
2024/12/16 19:15:45.963247938,0.0
2024/12/16 19:15:46.51000232,0.0
2024/12/16 19:15:46.152313973,0.0
2024/12/16 19:15:46.252121191,0.0
2024/12/16 19:15:46.350606897,0.0
2024/12/16 19:15:46.457416025,-105.07130351720234
2024/12/16 19:15:46.551373818,-162.34069642877213
2024/12/16 19:15:46.654615190,-307.29506939504137
2024/12/16 19:15:46.755134456,-347.23307463193294
2024/12/16 19:15:46.854172874,-356.10793010678225
2024/12/16 19:15:46.961377651,-353.03823033830287
2024/12/16 19:15:47.56483953,-351.065353339577
2024/12/16 19:15:47.155244421,-349.173624347438
2024/12/16 19:15:47.255056530,-347.2560344714011
2024/12/16 19:15:47.355047886,-343.04590710839244
2024/12/16 19:15:47.455674165,-336.4698737551274
2024/12/16 19:15:47.556562199,-335.77353963734726
2024/12/16 19:15:47.656039761,-330.66357638661214
2024/12/16 19:15:47.756165159,-327.5750340038073
2024/12/16 19:15:47.855994991,-321.3135940814899
2024/12/16 19:15:47.956894832,-315.47627367463764
2024/12/16 19:15:48.55225665,-313.92730668876635
2024/12/16 19:15:48.154858894,-315.08253667555056
2024/12/16 19:15:48.255808059,-314.437697879924
2024/12/16 19:15:48.354570302,-311.4568487039187
2024/12/16 19:15:48.455027943,-304.7253857169895
2024/12/16 19:15:48.551926092,-306.8880071812738
2024/12/16 19:15:48.653448049,-309.341622087919
2024/12/16 19:15:48.753065116,-318.1007129421918
2024/12/16 19:15:48.850860832,-321.8855874654717
2024/12/16 19:15:48.965066079,-315.84153102212986
2024/12/16 19:15:49.53941237,-306.76793563274595
2024/12/16 19:15:49.155708763,-303.2059801436754
2024/12/16 19:15:49.255956380,-310.91208954797776
2024/12/16 19:15:49.355372389,-319.8363134069965
2024/12/16 19:15:49.457391269,-319.94109917452397
2024/12/16 19:15:49.556357192,-312.9183232123318
2024/12/16 19:15:49.655590389,-308.12463165916216
2024/12/16 19:15:49.756284941,-309.1065661916323
2024/12/16 19:15:49.854836483,-315.6774040830706
2024/12/16 19:15:49.959499094,-252.7268838462427
2024/12/16 19:15:50.54423988,0.0
2024/12/16 19:15:50.156263494,-44.22000075536772
2024/12/16 19:15:50.255231541,-137.09547689056905
2024/12/16 19:15:50.355027145,-125.51128207325222
2024/12/16 19:15:50.455694283,0.0
2024/12/16 19:15:50.555444904,0.0
2024/12/16 19:15:50.655015467,0.0
2024/12/16 19:15:50.755549166,0.0
2024/12/16 19:15:50.855465474,0.0
2024/12/16 19:15:50.955964332,0.0
2024/12/16 19:15:51.55887716,0.0
2024/12/16 19:15:51.151397258,0.0
2024/12/16 19:15:51.252538267,0.0
2024/12/16 19:15:51.352106857,0.0
2024/12/16 19:15:51.450925768,0.0
2024/12/16 19:15:51.564446682,0.0
2024/12/16 19:15:51.651666418,0.0
2024/12/16 19:15:51.755709678,0.0
2024/12/16 19:15:51.856274924,0.0
2024/12/16 19:15:51.956521184,0.0
2024/12/16 19:15:52.54293342,0.0
2024/12/16 19:15:52.154350845,0.0
2024/12/16 19:15:52.255039393,0.0
2024/12/16 19:15:52.354576730,0.0
2024/12/16 19:15:52.454412681,0.0
2024/12/16 19:15:52.553958123,0.0
2024/12/16 19:15:52.657316396,0.0
2024/12/16 19:15:52.754790180,0.0
2024/12/16 19:15:52.853185690,0.0
2024/12/16 19:15:52.954901455,0.0
2024/12/16 19:15:53.53807729,0.0
2024/12/16 19:15:53.153944837,0.0
2024/12/16 19:15:53.253208866,0.0
2024/12/16 19:15:53.356044406,0.0
2024/12/16 19:15:53.455692705,0.0
2024/12/16 19:15:53.557610464,141.41535731100134
2024/12/16 19:15:53.653046549,197.28653161742244
2024/12/16 19:15:53.755142092,470.16026574476064
2024/12/16 19:15:53.854803287,553.0768935600349
2024/12/16 19:15:53.952041860,475.4013505340791
2024/12/16 19:15:54.52996582,378.9543333630865
2024/12/16 19:15:54.153476221,-390.5794475190955
2024/12/16 19:15:54.256239985,-248.32768322661667
2024/12/16 19:15:54.359277580,-104.61163267616733
2024/12/16 19:15:54.455170663,290.7541094364339
2024/12/16 19:15:54.555416418,423.0318583016212
2024/12/16 19:15:54.655420677,453.98603555657013
2024/12/16 19:15:54.754641617,0.0
2024/12/16 19:15:54.855313853,-233.0094978430514
2024/12/16 19:15:54.954604607,-261.2511149677649
2024/12/16 19:15:55.54275269,-157.99028380702003
2024/12/16 19:15:55.155191252,-53.2092053045768
2024/12/16 19:15:55.254718679,0.0
2024/12/16 19:15:55.354892510,0.0
2024/12/16 19:15:55.454140755,0.0
2024/12/16 19:15:55.554029579,0.0
2024/12/16 19:15:55.653996440,0.0
2024/12/16 19:15:55.756187121,0.0
2024/12/16 19:15:55.856701809,0.0
2024/12/16 19:15:55.955159378,0.0
2024/12/16 19:15:56.54265946,0.0
2024/12/16 19:15:56.153387421,0.0
2024/12/16 19:15:56.252037108,0.0
2024/12/16 19:15:56.352257268,0.0
2024/12/16 19:15:56.452091548,0.0
2024/12/16 19:15:56.551146569,273.11592470225673
2024/12/16 19:15:56.657133532,233.7004011314526
2024/12/16 19:15:56.751969912,354.6947871479805
2024/12/16 19:15:56.856047834,308.9273782116933
2024/12/16 19:15:56.966125180,163.0270600825477
2024/12/16 19:15:57.54603923,-379.747757661034
2024/12/16 19:15:57.154074584,-236.51871738371742
2024/12/16 19:15:57.254880539,-62.70828054317471
2024/12/16 19:15:57.355563307,219.2062010538207
2024/12/16 19:15:57.455093955,235.21810120846382
2024/12/16 19:15:57.554755292,203.1381389921449
2024/12/16 19:15:57.657230058,122.65757646464512
2024/12/16 19:15:57.754535382,73.83915574924731
2024/12/16 19:15:57.855796225,0.0
2024/12/16 19:15:57.954335719,0.0
2024/12/16 19:15:58.54126481,0.0
2024/12/16 19:15:58.154391181,0.0
2024/12/16 19:15:58.254115516,0.0
2024/12/16 19:15:58.355292923,0.0
2024/12/16 19:15:58.456132008,0.0
2024/12/16 19:15:58.556948857,0.0
2024/12/16 19:15:58.656084634,0.0
2024/12/16 19:15:58.762170916,50.00285330054685
2024/12/16 19:15:58.851990022,0.0
2024/12/16 19:15:58.952004330,0.0
2024/12/16 19:15:59.53466692,0.0
2024/12/16 19:15:59.152316838,0.0
2024/12/16 19:15:59.260942518,0.0
2024/12/16 19:15:59.353411797,0.0
2024/12/16 19:15:59.453865903,0.0
2024/12/16 19:15:59.555115010,0.0
2024/12/16 19:15:59.654928842,0.0
2024/12/16 19:15:59.754165304,0.0
2024/12/16 19:15:59.853517749,0.0
2024/12/16 19:15:59.959926489,0.0
2024/12/16 19:16:00.53253741,0.0
2024/12/16 19:16:00.154322874,0.0
2024/12/16 19:16:00.253001060,0.0
2024/12/16 19:16:00.353594692,0.0
2024/12/16 19:16:00.455102011,0.0
2024/12/16 19:16:00.553856178,0.0
2024/12/16 19:16:00.653307536,0.0
2024/12/16 19:16:00.755991430,0.0
2024/12/16 19:16:00.857386057,114.69006169449365
2024/12/16 19:16:00.957562308,101.79601722825319
2024/12/16 19:16:01.56023817,86.86926160927395
2024/12/16 19:16:01.154746636,104.08876279079252
2024/12/16 19:16:01.255496719,0.0
2024/12/16 19:16:01.351673597,0.0
2024/12/16 19:16:01.451993590,0.0
2024/12/16 19:16:01.551926939,0.0
2024/12/16 19:16:01.651487342,0.0
2024/12/16 19:16:01.756073390,0.0
2024/12/16 19:16:01.851993005,0.0
2024/12/16 19:16:01.956136168,0.0
2024/12/16 19:16:02.53413209,0.0
2024/12/16 19:16:02.153823473,0.0
2024/12/16 19:16:02.253487338,0.0
2024/12/16 19:16:02.354126501,0.0
2024/12/16 19:16:02.453596710,0.0
2024/12/16 19:16:02.554446332,0.0
2024/12/16 19:16:02.656529933,0.0
2024/12/16 19:16:02.754241045,0.0
2024/12/16 19:16:02.853414003,0.0
2024/12/16 19:16:02.954652737,0.0
2024/12/16 19:16:03.52073926,0.0
2024/12/16 19:16:03.154249820,0.0
2024/12/16 19:16:03.256521131,0.0
2024/12/16 19:16:03.356630291,0.0
2024/12/16 19:16:03.454312246,0.0
2024/12/16 19:16:03.554896199,0.0
2024/12/16 19:16:03.655233864,0.0
2024/12/16 19:16:03.755682914,-79.31344594102687
2024/12/16 19:16:03.857462314,-228.99347952893373
2024/12/16 19:16:03.954746312,-252.13015559236985
2024/12/16 19:16:04.53473218,-336.7783479899923
2024/12/16 19:16:04.154125954,-353.0202405760373
2024/12/16 19:16:04.255818437,-353.6060038368084
2024/12/16 19:16:04.362497707,-347.8265325264552
2024/12/16 19:16:04.451683581,-347.4448239988604
2024/12/16 19:16:04.557667742,-341.9896662439321
2024/12/16 19:16:04.655400743,-337.1327277148805
2024/12/16 19:16:04.756562954,-333.10343962328363
2024/12/16 19:16:04.856038434,-329.7416389149374
2024/12/16 19:16:04.964351271,-327.97269787659616
2024/12/16 19:16:05.55037433,-327.2179665331906
2024/12/16 19:16:05.155281858,-325.77376459811
2024/12/16 19:16:05.256642309,-322.1603726696692
2024/12/16 19:16:05.355335158,-320.42002432645813
2024/12/16 19:16:05.456342663,-321.38657861183293
2024/12/16 19:16:05.556919443,-321.38771428246685
2024/12/16 19:16:05.656566093,-320.30420706855494
2024/12/16 19:16:05.757426176,-239.8018788026104
2024/12/16 19:16:05.856319610,-124.04618811755363
2024/12/16 19:16:05.958529491,0.0
2024/12/16 19:16:06.55450590,0.0
2024/12/16 19:16:06.154006050,0.0
2024/12/16 19:16:06.253409476,0.0
2024/12/16 19:16:06.356119667,-102.03018678335137
2024/12/16 19:16:06.452214886,-147.9213247674608
2024/12/16 19:16:06.555769345,-242.69291490362502
2024/12/16 19:16:06.655411169,-285.2034675019382
2024/12/16 19:16:06.752141295,-308.3061565758467
2024/12/16 19:16:06.856001674,-329.2571850866347
2024/12/16 19:16:06.954756327,-377.6465226151394
2024/12/16 19:16:07.56351402,-453.5195922438375
2024/12/16 19:16:07.155026775,-454.2222010300111
2024/12/16 19:16:07.256173349,351.72245082375997
2024/12/16 19:16:07.354450527,257.881928881064
2024/12/16 19:16:07.454323042,149.8116836544545
2024/12/16 19:16:07.555304745,122.69695776782699
2024/12/16 19:16:07.654481432,118.20607775777074
2024/12/16 19:16:07.756229445,81.3895739997633
2024/12/16 19:16:07.853741408,0.0
2024/12/16 19:16:07.954924360,0.0
2024/12/16 19:16:08.55326024,0.0
2024/12/16 19:16:08.154902130,0.0
2024/12/16 19:16:08.255001070,0.0
2024/12/16 19:16:08.354096580,0.0
2024/12/16 19:16:08.455045549,0.0
2024/12/16 19:16:08.554099822,0.0
2024/12/16 19:16:08.654611166,0.0
2024/12/16 19:16:08.755223691,0.0
2024/12/16 19:16:08.854634091,0.0
2024/12/16 19:16:08.956523153,0.0
2024/12/16 19:16:09.51691881,0.0
2024/12/16 19:16:09.152281242,0.0
2024/12/16 19:16:09.252088404,0.0
2024/12/16 19:16:09.351649272,0.0
2024/12/16 19:16:09.463760316,0.0
2024/12/16 19:16:09.551857896,0.0
2024/12/16 19:16:09.655946844,0.0
2024/12/16 19:16:09.756053577,0.0
2024/12/16 19:16:09.856898304,0.0
2024/12/16 19:16:09.959005728,0.0
2024/12/16 19:16:10.54604108,0.0
2024/12/16 19:16:10.155718632,0.0
2024/12/16 19:16:10.253805596,0.0
2024/12/16 19:16:10.354345675,0.0
2024/12/16 19:16:10.454220162,0.0
2024/12/16 19:16:10.554025539,0.0
2024/12/16 19:16:10.655964616,0.0
2024/12/16 19:16:10.754860439,0.0
2024/12/16 19:16:10.857785317,0.0
2024/12/16 19:16:10.958550324,0.0
2024/12/16 19:16:11.56231063,0.0
2024/12/16 19:16:11.154608738,0.0
2024/12/16 19:16:11.256630261,0.0
2024/12/16 19:16:11.355212764,0.0
2024/12/16 19:16:11.454993939,0.0
2024/12/16 19:16:11.556488562,0.0
2024/12/16 19:16:11.652299338,0.0
2024/12/16 19:16:11.753605547,0.0
2024/12/16 19:16:11.853093307,0.0
2024/12/16 19:16:11.952990457,0.0
2024/12/16 19:16:12.54520818,0.0
2024/12/16 19:16:12.156150924,0.0
2024/12/16 19:16:12.255188747,0.0
2024/12/16 19:16:12.355612332,0.0
2024/12/16 19:16:12.455034476,0.0
2024/12/16 19:16:12.554711492,0.0
2024/12/16 19:16:12.656091123,0.0
2024/12/16 19:16:12.754958554,0.0
2024/12/16 19:16:12.856473898,0.0
2024/12/16 19:16:12.956659661,0.0
2024/12/16 19:16:13.53575416,0.0
2024/12/16 19:16:13.155586293,0.0
2024/12/16 19:16:13.254939681,0.0
2024/12/16 19:16:13.355292154,0.0
2024/12/16 19:16:13.455269990,0.0
2024/12/16 19:16:13.555048706,0.0
2024/12/16 19:16:13.654701624,0.0
2024/12/16 19:16:13.755629725,0.0
2024/12/16 19:16:13.856361309,0.0
2024/12/16 19:16:13.956450138,0.0
2024/12/16 19:16:14.55637885,0.0
2024/12/16 19:16:14.151798282,0.0
2024/12/16 19:16:14.252709259,0.0
2024/12/16 19:16:14.351893829,0.0
2024/12/16 19:16:14.451988647,0.0
2024/12/16 19:16:14.555043303,0.0
2024/12/16 19:16:14.654747076,0.0
2024/12/16 19:16:14.757457514,0.0
2024/12/16 19:16:14.854816823,0.0
2024/12/16 19:16:14.957456520,0.0
2024/12/16 19:16:15.55617602,0.0
2024/12/16 19:16:15.153701482,0.0
2024/12/16 19:16:15.253602459,0.0
2024/12/16 19:16:15.355739461,0.0
2024/12/16 19:16:15.453821467,0.0
2024/12/16 19:16:15.555112829,0.0
2024/12/16 19:16:15.652480785,0.0
2024/12/16 19:16:15.754207361,0.0
2024/12/16 19:16:15.856738039,0.0
2024/12/16 19:16:15.958600598,0.0
2024/12/16 19:16:16.55673709,0.0
2024/12/16 19:16:16.155031101,0.0
2024/12/16 19:16:16.255656443,0.0
2024/12/16 19:16:16.354454614,0.0
2024/12/16 19:16:16.455792105,0.0
2024/12/16 19:16:16.555586302,0.0
2024/12/16 19:16:16.653774489,0.0
2024/12/16 19:16:16.753466189,0.0
2024/12/16 19:16:16.852746882,0.0
2024/12/16 19:16:16.952462593,0.0
2024/12/16 19:16:17.54582408,0.0
2024/12/16 19:16:17.155204772,0.0
2024/12/16 19:16:17.257821208,0.0
2024/12/16 19:16:17.355973935,0.0
2024/12/16 19:16:17.455799826,0.0
2024/12/16 19:16:17.555122801,0.0
2024/12/16 19:16:17.655405925,0.0
2024/12/16 19:16:17.753798709,0.0
2024/12/16 19:16:17.855769408,0.0
2024/12/16 19:16:17.955899499,0.0
2024/12/16 19:16:18.56634780,0.0
2024/12/16 19:16:18.155659708,0.0
2024/12/16 19:16:18.255540083,0.0
2024/12/16 19:16:18.354135159,0.0
2024/12/16 19:16:18.455016539,0.0
2024/12/16 19:16:18.555036634,0.0
2024/12/16 19:16:18.655311177,0.0
2024/12/16 19:16:18.755252124,0.0
2024/12/16 19:16:18.854888590,0.0
2024/12/16 19:16:18.954968061,0.0
2024/12/16 19:16:19.54567864,0.0
2024/12/16 19:16:19.152470633,0.0
2024/12/16 19:16:19.252743113,0.0
2024/12/16 19:16:19.352488055,0.0
2024/12/16 19:16:19.452754276,0.0
2024/12/16 19:16:19.552898112,0.0
2024/12/16 19:16:19.652737541,0.0
2024/12/16 19:16:19.757470907,0.0
2024/12/16 19:16:19.857016145,0.0
2024/12/16 19:16:19.956470537,0.0
2024/12/16 19:16:20.55488226,0.0
2024/12/16 19:16:20.155216168,0.0
2024/12/16 19:16:20.255576617,0.0
2024/12/16 19:16:20.356651183,0.0
2024/12/16 19:16:20.455091662,0.0
2024/12/16 19:16:20.555708713,0.0
2024/12/16 19:16:20.654938722,0.0
2024/12/16 19:16:20.755047663,0.0
2024/12/16 19:16:20.854823065,0.0
2024/12/16 19:16:20.955598092,0.0
2024/12/16 19:16:21.55046778,0.0
2024/12/16 19:16:21.155218862,0.0
2024/12/16 19:16:21.254882202,0.0
2024/12/16 19:16:21.356792381,0.0
2024/12/16 19:16:21.454122093,0.0
2024/12/16 19:16:21.556030381,0.0
2024/12/16 19:16:21.656274902,0.0
2024/12/16 19:16:21.752443165,0.0
2024/12/16 19:16:21.854138522,0.0
2024/12/16 19:16:21.954610066,0.0
2024/12/16 19:16:22.53174353,0.0
2024/12/16 19:16:22.164189400,0.0
2024/12/16 19:16:22.252802770,0.0
2024/12/16 19:16:22.354482844,0.0
2024/12/16 19:16:22.455687320,0.0
2024/12/16 19:16:22.555187737,0.0
2024/12/16 19:16:22.654446184,0.0
2024/12/16 19:16:22.755916988,0.0
2024/12/16 19:16:22.855809875,0.0
2024/12/16 19:16:22.957637632,0.0
2024/12/16 19:16:23.56496226,0.0
2024/12/16 19:16:23.154402220,0.0
2024/12/16 19:16:23.254670691,0.0
2024/12/16 19:16:23.354479171,0.0
2024/12/16 19:16:23.456140972,0.0
2024/12/16 19:16:23.554953532,0.0
2024/12/16 19:16:23.654644382,0.0
2024/12/16 19:16:23.756088561,0.0
2024/12/16 19:16:23.854364494,0.0
2024/12/16 19:16:23.956910097,0.0
2024/12/16 19:16:24.54415121,0.0
2024/12/16 19:16:24.155994547,0.0
2024/12/16 19:16:24.255016047,0.0
2024/12/16 19:16:24.353103047,0.0
2024/12/16 19:16:24.452970658,0.0
2024/12/16 19:16:24.552719797,0.0
2024/12/16 19:16:24.652462419,0.0
2024/12/16 19:16:24.755156764,0.0
2024/12/16 19:16:24.858508675,0.0
2024/12/16 19:16:24.956448450,0.0
2024/12/16 19:16:25.54667899,0.0
2024/12/16 19:16:25.155351487,0.0
2024/12/16 19:16:25.255000223,0.0
2024/12/16 19:16:25.356791964,0.0
2024/12/16 19:16:25.457369129,0.0
2024/12/16 19:16:25.556908014,0.0
2024/12/16 19:16:25.655760108,0.0
2024/12/16 19:16:25.756751814,0.0
2024/12/16 19:16:25.855919906,0.0
2024/12/16 19:16:25.956907544,0.0
2024/12/16 19:16:26.56493822,0.0
2024/12/16 19:16:26.157728735,0.0
2024/12/16 19:16:26.255863671,0.0
2024/12/16 19:16:26.356252753,0.0
2024/12/16 19:16:26.455499722,0.0
2024/12/16 19:16:26.556959103,0.0
2024/12/16 19:16:26.657875267,0.0
2024/12/16 19:16:26.759586028,0.0
2024/12/16 19:16:26.852768150,0.0
2024/12/16 19:16:26.953005819,0.0
2024/12/16 19:16:27.53410794,0.0
2024/12/16 19:16:27.152488160,0.0
2024/12/16 19:16:27.258512399,0.0
2024/12/16 19:16:27.355905495,0.0
2024/12/16 19:16:27.455963944,0.0
2024/12/16 19:16:27.557451376,0.0
2024/12/16 19:16:27.658199748,0.0
2024/12/16 19:16:27.755381414,0.0
2024/12/16 19:16:27.855251636,0.0
2024/12/16 19:16:27.959339761,0.0
2024/12/16 19:16:28.58085469,0.0
2024/12/16 19:16:28.156680814,0.0
2024/12/16 19:16:28.258204873,0.0
2024/12/16 19:16:28.357272525,0.0
2024/12/16 19:16:28.458578612,0.0
2024/12/16 19:16:28.561194678,0.0
2024/12/16 19:16:28.656453796,0.0
2024/12/16 19:16:28.756890322,0.0
2024/12/16 19:16:28.857566747,0.0
2024/12/16 19:16:28.957499285,0.0
2024/12/16 19:16:29.53971596,0.0
2024/12/16 19:16:29.160468812,0.0
2024/12/16 19:16:29.255360370,0.0
2024/12/16 19:16:29.356797868,0.0
2024/12/16 19:16:29.453133242,0.0
2024/12/16 19:16:29.553398385,0.0
2024/12/16 19:16:29.653453276,0.0
2024/12/16 19:16:29.752334509,0.0
2024/12/16 19:16:29.855268153,0.0
2024/12/16 19:16:29.954594123,0.0
2024/12/16 19:16:30.58569721,0.0
2024/12/16 19:16:30.155923901,0.0
2024/12/16 19:16:30.255866963,0.0
2024/12/16 19:16:30.355164587,0.0
2024/12/16 19:16:30.457023606,0.0
2024/12/16 19:16:30.555775767,0.0
2024/12/16 19:16:30.658416376,0.0
2024/12/16 19:16:30.756957550,0.0
2024/12/16 19:16:30.856222620,0.0
2024/12/16 19:16:30.964611524,0.0
2024/12/16 19:16:31.53296844,0.0
2024/12/16 19:16:31.157125116,0.0
2024/12/16 19:16:31.256638237,0.0
2024/12/16 19:16:31.357061553,0.0
2024/12/16 19:16:31.457101840,0.0
2024/12/16 19:16:31.556446410,0.0
2024/12/16 19:16:31.659754850,0.0
2024/12/16 19:16:31.757423252,0.0
2024/12/16 19:16:31.856062903,0.0
2024/12/16 19:16:31.956881090,0.0
2024/12/16 19:16:32.54452556,0.0
2024/12/16 19:16:32.154266736,0.0
2024/12/16 19:16:32.255718773,0.0
2024/12/16 19:16:32.352509267,0.0
2024/12/16 19:16:32.460757156,0.0
2024/12/16 19:16:32.553732769,0.0
2024/12/16 19:16:32.660172696,0.0
2024/12/16 19:16:32.755757601,0.0
2024/12/16 19:16:32.855748272,0.0
2024/12/16 19:16:32.957342832,0.0
2024/12/16 19:16:33.53942009,0.0
2024/12/16 19:16:33.156906130,0.0
2024/12/16 19:16:33.257164375,0.0
2024/12/16 19:16:33.355954958,0.0
2024/12/16 19:16:33.455958793,0.0
2024/12/16 19:16:33.555620832,0.0
2024/12/16 19:16:33.654556905,0.0
2024/12/16 19:16:33.755367697,0.0
2024/12/16 19:16:33.855497114,0.0
2024/12/16 19:16:33.961620253,0.0
2024/12/16 19:16:34.55655684,0.0
2024/12/16 19:16:34.155980079,0.0
2024/12/16 19:16:34.256395510,0.0
2024/12/16 19:16:34.356289698,0.0
2024/12/16 19:16:34.456075076,0.0
2024/12/16 19:16:34.555937296,0.0
2024/12/16 19:16:34.654165285,0.0
2024/12/16 19:16:34.753558239,0.0
2024/12/16 19:16:34.852799902,0.0
2024/12/16 19:16:34.953681793,0.0
2024/12/16 19:16:35.53253185,0.0
2024/12/16 19:16:35.155987360,0.0
2024/12/16 19:16:35.256134813,0.0
2024/12/16 19:16:35.354742189,0.0
2024/12/16 19:16:35.456498012,0.0
2024/12/16 19:16:35.556337672,0.0
2024/12/16 19:16:35.656177010,0.0
2024/12/16 19:16:35.755597667,0.0
2024/12/16 19:16:35.856165541,0.0
2024/12/16 19:16:35.957569888,0.0
2024/12/16 19:16:36.55813813,0.0
2024/12/16 19:16:36.156309014,0.0
2024/12/16 19:16:36.254853878,0.0
2024/12/16 19:16:36.355970533,0.0
2024/12/16 19:16:36.456218318,0.0
2024/12/16 19:16:36.554050412,0.0
2024/12/16 19:16:36.654571828,0.0
2024/12/16 19:16:36.755478573,0.0
2024/12/16 19:16:36.860599582,0.0
2024/12/16 19:16:36.958388605,0.0
2024/12/16 19:16:37.54249510,0.0
2024/12/16 19:16:37.153358167,0.0
2024/12/16 19:16:37.254310624,0.0
2024/12/16 19:16:37.353685234,0.0
2024/12/16 19:16:37.452584686,0.0
2024/12/16 19:16:37.557484517,0.0
2024/12/16 19:16:37.656276333,0.0
2024/12/16 19:16:37.756776450,0.0
2024/12/16 19:16:37.855519727,0.0
2024/12/16 19:16:37.957237789,0.0
2024/12/16 19:16:38.56125745,0.0
2024/12/16 19:16:38.156711009,0.0
2024/12/16 19:16:38.256003740,0.0
2024/12/16 19:16:38.356281678,0.0
2024/12/16 19:16:38.455689965,0.0
2024/12/16 19:16:38.556280701,0.0
2024/12/16 19:16:38.657567889,0.0
2024/12/16 19:16:38.755986509,0.0
2024/12/16 19:16:38.855527351,0.0
2024/12/16 19:16:38.958348414,0.0
2024/12/16 19:16:39.56135168,0.0
2024/12/16 19:16:39.155939192,0.0
2024/12/16 19:16:39.256231207,0.0
2024/12/16 19:16:39.355800471,0.0
2024/12/16 19:16:39.455951423,0.0
2024/12/16 19:16:39.555728812,0.0
2024/12/16 19:16:39.653100935,0.0
2024/12/16 19:16:39.754088647,0.0
2024/12/16 19:16:39.855671442,0.0
2024/12/16 19:16:39.953331773,0.0
2024/12/16 19:16:40.53068691,0.0
2024/12/16 19:16:40.154504746,0.0
2024/12/16 19:16:40.255049170,0.0
2024/12/16 19:16:40.357943388,0.0
2024/12/16 19:16:40.454795623,0.0
2024/12/16 19:16:40.554667244,0.0
2024/12/16 19:16:40.657232749,0.0
2024/12/16 19:16:40.755824103,0.0
2024/12/16 19:16:40.854963055,0.0
2024/12/16 19:16:40.958710782,0.0
2024/12/16 19:16:41.54682119,0.0
2024/12/16 19:16:41.156659612,0.0
2024/12/16 19:16:41.255607474,0.0
2024/12/16 19:16:41.355982723,0.0
2024/12/16 19:16:41.455682091,0.0
2024/12/16 19:16:41.558789691,0.0
2024/12/16 19:16:41.655717622,0.0
2024/12/16 19:16:41.756935544,0.0
2024/12/16 19:16:41.855720486,0.0
2024/12/16 19:16:41.960150534,0.0
2024/12/16 19:16:42.55529899,0.0
2024/12/16 19:16:42.155843697,0.0
2024/12/16 19:16:42.252971469,0.0
2024/12/16 19:16:42.354131172,0.0
2024/12/16 19:16:42.453955171,0.0
2024/12/16 19:16:42.552672135,0.0
2024/12/16 19:16:42.656916764,0.0
2024/12/16 19:16:42.752935869,0.0
2024/12/16 19:16:42.855577638,0.0
2024/12/16 19:16:42.955400070,0.0
2024/12/16 19:16:43.55223600,0.0
2024/12/16 19:16:43.155982595,0.0
2024/12/16 19:16:43.255287547,0.0
2024/12/16 19:16:43.356174148,0.0
2024/12/16 19:16:43.455827376,0.0
2024/12/16 19:16:43.555235196,0.0
2024/12/16 19:16:43.655939430,0.0
2024/12/16 19:16:43.755813005,0.0
2024/12/16 19:16:43.855061154,0.0
2024/12/16 19:16:43.958076626,0.0
2024/12/16 19:16:44.57239314,0.0
2024/12/16 19:16:44.155316350,0.0
2024/12/16 19:16:44.256840716,0.0
2024/12/16 19:16:44.355959221,0.0
2024/12/16 19:16:44.457262394,0.0
2024/12/16 19:16:44.557843983,0.0
2024/12/16 19:16:44.655861124,0.0
2024/12/16 19:16:44.756366661,0.0
2024/12/16 19:16:44.853947987,0.0
2024/12/16 19:16:44.953554468,0.0
2024/12/16 19:16:45.53199525,0.0
2024/12/16 19:16:45.153522513,0.0
2024/12/16 19:16:45.255895445,0.0
2024/12/16 19:16:45.355070064,0.0
2024/12/16 19:16:45.458506902,0.0
2024/12/16 19:16:45.559737071,0.0
2024/12/16 19:16:45.655947171,0.0
2024/12/16 19:16:45.758253026,0.0
2024/12/16 19:16:45.856873879,0.0
2024/12/16 19:16:45.957591085,0.0
2024/12/16 19:16:46.55888794,0.0
2024/12/16 19:16:46.156945675,0.0
2024/12/16 19:16:46.256972675,0.0
2024/12/16 19:16:46.357932058,0.0
2024/12/16 19:16:46.456850138,0.0
2024/12/16 19:16:46.558341259,0.0
2024/12/16 19:16:46.655299677,0.0
2024/12/16 19:16:46.757337825,0.0
2024/12/16 19:16:46.856599740,0.0
2024/12/16 19:16:46.959131226,0.0
2024/12/16 19:16:47.57001225,0.0
2024/12/16 19:16:47.156108662,0.0
2024/12/16 19:16:47.255580072,0.0
2024/12/16 19:16:47.353784754,0.0
2024/12/16 19:16:47.454379454,0.0
2024/12/16 19:16:47.555055295,0.0
2024/12/16 19:16:47.653531087,0.0
2024/12/16 19:16:47.762461558,0.0
2024/12/16 19:16:47.853447819,0.0
2024/12/16 19:16:47.959398413,0.0
2024/12/16 19:16:48.56004856,0.0
2024/12/16 19:16:48.156449534,0.0
2024/12/16 19:16:48.257020036,0.0
2024/12/16 19:16:48.357030677,0.0
2024/12/16 19:16:48.456228037,0.0
2024/12/16 19:16:48.557184816,0.0
2024/12/16 19:16:48.657192827,0.0
2024/12/16 19:16:48.758243362,0.0
2024/12/16 19:16:48.856366146,0.0
2024/12/16 19:16:48.959367274,0.0
2024/12/16 19:16:49.55781888,0.0
2024/12/16 19:16:49.156975363,0.0
2024/12/16 19:16:49.256032445,0.0
2024/12/16 19:16:49.357088497,0.0
2024/12/16 19:16:49.457365706,0.0
2024/12/16 19:16:49.556741053,0.0
2024/12/16 19:16:49.657474346,0.0
2024/12/16 19:16:49.758657680,0.0
2024/12/16 19:16:49.855032847,0.0
2024/12/16 19:16:49.956629777,0.0
2024/12/16 19:16:50.55620603,0.0
2024/12/16 19:16:50.153642377,0.0
2024/12/16 19:16:50.253988589,0.0
2024/12/16 19:16:50.356346262,0.0
2024/12/16 19:16:50.458066077,0.0
2024/12/16 19:16:50.556657311,0.0
2024/12/16 19:16:50.658086535,0.0
2024/12/16 19:16:50.756053590,0.0
2024/12/16 19:16:50.855476635,0.0
2024/12/16 19:16:50.958718551,0.0
2024/12/16 19:16:51.55749884,0.0
2024/12/16 19:16:51.156405917,0.0
2024/12/16 19:16:51.260025590,0.0
2024/12/16 19:16:51.356956181,0.0
2024/12/16 19:16:51.458182719,0.0
2024/12/16 19:16:51.555992516,0.0
2024/12/16 19:16:51.656651202,0.0
2024/12/16 19:16:51.757730622,0.0
2024/12/16 19:16:51.855853625,0.0
2024/12/16 19:16:51.957604571,0.0
2024/12/16 19:16:52.57229146,0.0
2024/12/16 19:16:52.158465839,0.0
2024/12/16 19:16:52.256737274,0.0
2024/12/16 19:16:52.356524295,0.0
2024/12/16 19:16:52.454907042,0.0
2024/12/16 19:16:52.555952180,0.0
2024/12/16 19:16:52.655406249,0.0
2024/12/16 19:16:52.753562731,0.0
2024/12/16 19:16:52.864594491,0.0
2024/12/16 19:16:52.954338263,0.0
2024/12/16 19:16:53.56543669,0.0
2024/12/16 19:16:53.157484747,0.0
2024/12/16 19:16:53.257621998,0.0
2024/12/16 19:16:53.356277757,0.0
2024/12/16 19:16:53.455550064,0.0
2024/12/16 19:16:53.556273000,0.0
2024/12/16 19:16:53.656089880,0.0
2024/12/16 19:16:53.757350727,0.0
2024/12/16 19:16:53.856068247,0.0
2024/12/16 19:16:53.956967219,0.0
2024/12/16 19:16:54.58289934,0.0
2024/12/16 19:16:54.155557649,0.0
2024/12/16 19:16:54.256643914,0.0
2024/12/16 19:16:54.356071724,0.0
2024/12/16 19:16:54.455643995,0.0
2024/12/16 19:16:54.556073663,0.0
2024/12/16 19:16:54.657372206,0.0
2024/12/16 19:16:54.757120066,0.0
2024/12/16 19:16:54.856445066,0.0
2024/12/16 19:16:54.959447150,0.0
2024/12/16 19:16:55.53360439,0.0
2024/12/16 19:16:55.154299790,0.0
2024/12/16 19:16:55.253471658,0.0
2024/12/16 19:16:55.354065558,0.0
2024/12/16 19:16:55.454570861,0.0
2024/12/16 19:16:55.556237469,0.0
2024/12/16 19:16:55.655593855,0.0
2024/12/16 19:16:55.754306017,0.0
2024/12/16 19:16:55.856252276,0.0
2024/12/16 19:16:55.956939624,0.0
2024/12/16 19:16:56.56405491,0.0
2024/12/16 19:16:56.155839106,0.0
2024/12/16 19:16:56.258871810,0.0
2024/12/16 19:16:56.356426080,0.0
2024/12/16 19:16:56.457764568,0.0
2024/12/16 19:16:56.557750424,0.0
2024/12/16 19:16:56.656644762,0.0
2024/12/16 19:16:56.756793807,0.0
2024/12/16 19:16:56.857121031,0.0
2024/12/16 19:16:56.958530573,0.0
2024/12/16 19:16:57.55452458,0.0
2024/12/16 19:16:57.156756867,0.0
2024/12/16 19:16:57.256470676,0.0
2024/12/16 19:16:57.356412445,0.0
2024/12/16 19:16:57.456166021,0.0
2024/12/16 19:16:57.553578751,0.0
2024/12/16 19:16:57.654536216,0.0
2024/12/16 19:16:57.754854433,0.0
2024/12/16 19:16:57.853608731,0.0
2024/12/16 19:16:57.965828837,0.0
2024/12/16 19:16:58.54584985,0.0
2024/12/16 19:16:58.156810540,0.0
2024/12/16 19:16:58.256783722,0.0
2024/12/16 19:16:58.356602285,0.0
2024/12/16 19:16:58.456736073,0.0
2024/12/16 19:16:58.556256197,0.0
2024/12/16 19:16:58.657512471,0.0
2024/12/16 19:16:58.756439196,0.0
2024/12/16 19:16:58.854340927,0.0
2024/12/16 19:16:58.958296391,0.0
2024/12/16 19:16:59.55801963,0.0
2024/12/16 19:16:59.155688357,0.0
2024/12/16 19:16:59.256964460,0.0
2024/12/16 19:16:59.355754016,0.0
2024/12/16 19:16:59.454289181,0.0
2024/12/16 19:16:59.557894714,0.0
2024/12/16 19:16:59.655444285,0.0
2024/12/16 19:16:59.757823093,0.0
2024/12/16 19:16:59.855566067,0.0
2024/12/16 19:16:59.957148843,0.0
2024/12/16 19:17:00.57013268,0.0
2024/12/16 19:17:00.154017660,0.0
2024/12/16 19:17:00.254219892,0.0
2024/12/16 19:17:00.354257584,0.0
2024/12/16 19:17:00.453646232,0.0
2024/12/16 19:17:00.561542902,0.0
2024/12/16 19:17:00.655447682,0.0
2024/12/16 19:17:00.757296055,0.0
2024/12/16 19:17:00.857366523,0.0
2024/12/16 19:17:00.959248686,0.0
2024/12/16 19:17:01.56846994,0.0
2024/12/16 19:17:01.157317206,0.0
2024/12/16 19:17:01.256700347,0.0
2024/12/16 19:17:01.357043630,0.0
2024/12/16 19:17:01.457646175,0.0
2024/12/16 19:17:01.559019610,0.0
2024/12/16 19:17:01.657341913,0.0
2024/12/16 19:17:01.758997096,0.0
2024/12/16 19:17:01.858692128,0.0
2024/12/16 19:17:01.961678428,0.0
2024/12/16 19:17:02.60007739,0.0
2024/12/16 19:17:02.158873370,0.0
2024/12/16 19:17:02.258838674,0.0
2024/12/16 19:17:02.357680801,0.0
2024/12/16 19:17:02.457425856,0.0
2024/12/16 19:17:02.559004166,0.0
2024/12/16 19:17:02.655915192,0.0
2024/12/16 19:17:02.755163527,0.0
2024/12/16 19:17:02.855796380,0.0
2024/12/16 19:17:02.954677918,0.0
2024/12/16 19:17:03.54565926,0.0
2024/12/16 19:17:03.169384398,0.0
2024/12/16 19:17:03.258296611,0.0
2024/12/16 19:17:03.357025826,0.0
2024/12/16 19:17:03.456615534,0.0
2024/12/16 19:17:03.557638601,0.0
2024/12/16 19:17:03.657154448,0.0
2024/12/16 19:17:03.759142772,0.0
2024/12/16 19:17:03.856876057,0.0
2024/12/16 19:17:03.964611763,0.0
2024/12/16 19:17:04.59336396,0.0
2024/12/16 19:17:04.158951276,0.0
2024/12/16 19:17:04.258821199,0.0
2024/12/16 19:17:04.358967044,0.0
2024/12/16 19:17:04.458984032,0.0
2024/12/16 19:17:04.558263060,0.0
2024/12/16 19:17:04.657791717,0.0
2024/12/16 19:17:04.756894800,0.0
2024/12/16 19:17:04.856766675,0.0
2024/12/16 19:17:04.960580116,0.0
2024/12/16 19:17:05.59164445,0.0
2024/12/16 19:17:05.159103437,-114.84300452889275
2024/12/16 19:17:05.255208534,-159.59529065392502
2024/12/16 19:17:05.356812893,-442.56388633484136
2024/12/16 19:17:05.456559017,-530.0826845396398
2024/12/16 19:17:05.555263933,-471.3639362997054
2024/12/16 19:17:05.655747519,-395.47696130409946
2024/12/16 19:17:05.756580644,-424.3565776154146
2024/12/16 19:17:05.857272978,-484.2651554639588
2024/12/16 19:17:05.959636191,-465.0262254785463
2024/12/16 19:17:06.55239583,-413.26508706246847
2024/12/16 19:17:06.158030282,-428.2783010917624
2024/12/16 19:17:06.258594152,-470.60849767558886
2024/12/16 19:17:06.360330850,-467.0107287482229
2024/12/16 19:17:06.459860562,-445.8840661520135
2024/12/16 19:17:06.558995941,-448.74392216162556
2024/12/16 19:17:06.660673553,-440.870940445079
2024/12/16 19:17:06.760074740,-286.7445559115981
2024/12/16 19:17:06.858797989,-337.51243140561826
2024/12/16 19:17:06.958904633,-314.8719571258081
2024/12/16 19:17:07.58426643,-356.4037155718889
2024/12/16 19:17:07.158966110,-250.93138715483417
2024/12/16 19:17:07.260197488,-289.85299865939174
2024/12/16 19:17:07.358026705,-254.00910059519296
2024/12/16 19:17:07.458111642,-347.0850684714303
2024/12/16 19:17:07.559249828,-287.4564001724188
2024/12/16 19:17:07.660056478,-313.6866097994931
2024/12/16 19:17:07.759990974,-242.25140151365102
2024/12/16 19:17:07.853919709,-281.217344127525
2024/12/16 19:17:07.956439168,-228.98298895170316
2024/12/16 19:17:08.55022644,-291.1752133787307
2024/12/16 19:17:08.154014907,-246.30415895451034
2024/12/16 19:17:08.263999583,-304.6365901355317
2024/12/16 19:17:08.355225508,-233.5470068070095
2024/12/16 19:17:08.457355989,-270.4385156494715
2024/12/16 19:17:08.561037449,-216.38299857235668
2024/12/16 19:17:08.660468175,-282.91229581010515
2024/12/16 19:17:08.758161730,-218.84038827587867
2024/12/16 19:17:08.858785721,-272.7201775912932
2024/12/16 19:17:08.959815740,-211.6469847198826
2024/12/16 19:17:09.58832568,-280.2715964479526
2024/12/16 19:17:09.157166282,-233.84635193331562
2024/12/16 19:17:09.257591924,-285.147956809837
2024/12/16 19:17:09.357691102,-223.1641829877799
2024/12/16 19:17:09.461754224,-287.65548801584123
2024/12/16 19:17:09.557575101,-253.5230863349321
2024/12/16 19:17:09.660062359,-308.5666289210658
2024/12/16 19:17:09.758628284,-255.04505546570357
2024/12/16 19:17:09.858054606,-312.0096026736795
2024/12/16 19:17:09.961011981,-246.57182371348327
2024/12/16 19:17:10.59255227,-298.4765382364159
2024/12/16 19:17:10.158927095,-249.2408977234099
2024/12/16 19:17:10.258044786,0.0
2024/12/16 19:17:10.357925203,0.0
2024/12/16 19:17:10.455589462,-269.3095845618698
2024/12/16 19:17:10.554887385,-219.2962767126553
2024/12/16 19:17:10.655795659,-150.08005925397123
2024/12/16 19:17:10.756595843,-107.90292172150157
2024/12/16 19:17:10.860698145,-84.20846220976644
2024/12/16 19:17:10.958819526,0.0
2024/12/16 19:17:11.60039150,0.0
2024/12/16 19:17:11.159327558,0.0
2024/12/16 19:17:11.261425935,0.0
2024/12/16 19:17:11.359775763,0.0
2024/12/16 19:17:11.458966559,0.0
2024/12/16 19:17:11.557717285,0.0
2024/12/16 19:17:11.658889741,0.0
2024/12/16 19:17:11.761508160,0.0
2024/12/16 19:17:11.859823789,0.0
2024/12/16 19:17:11.965741956,0.0
2024/12/16 19:17:12.58156200,0.0
2024/12/16 19:17:12.157859224,0.0
2024/12/16 19:17:12.259804432,0.0
2024/12/16 19:17:12.358391250,-258.01088102983863
2024/12/16 19:17:12.460216394,-308.95889938115823
2024/12/16 19:17:12.560113954,-456.5380409151074
2024/12/16 19:17:12.660663609,-505.342904526172
2024/12/16 19:17:12.767564746,-461.00596672240516
2024/12/16 19:17:12.859479695,-403.4205435843038
2024/12/16 19:17:12.955977854,-427.57933164776796
2024/12/16 19:17:13.55936625,-459.15644551349885
2024/12/16 19:17:13.154778438,-449.1805325701907
2024/12/16 19:17:13.254244769,-387.7166222641571
2024/12/16 19:17:13.357620259,-383.9062055495659
2024/12/16 19:17:13.457581865,-430.5117454110001
2024/12/16 19:17:13.557823518,-442.8948394487065
2024/12/16 19:17:13.660250892,-416.1727168042807
2024/12/16 19:17:13.758708267,-388.6701938095697
2024/12/16 19:17:13.859763806,-388.77265826274123
2024/12/16 19:17:13.966903782,-424.98276411073584
2024/12/16 19:17:14.58638496,-428.58233432663036
2024/12/16 19:17:14.159697959,-395.20807041779653
2024/12/16 19:17:14.259695586,-410.26340170928285
2024/12/16 19:17:14.360010866,-437.7540036490682
2024/12/16 19:17:14.458249561,-435.1868101927028
2024/12/16 19:17:14.562371885,-404.44747609265323
2024/12/16 19:17:14.661779021,-390.00569852655866
2024/12/16 19:17:14.761374537,-416.64542897786407
2024/12/16 19:17:14.861440951,-443.39158623421355
2024/12/16 19:17:14.963037179,-420.114743594002
2024/12/16 19:17:15.58875443,-399.71342358956946
2024/12/16 19:17:15.161602748,-418.30720850399854
2024/12/16 19:17:15.260128628,-433.8210665669016
2024/12/16 19:17:15.359901802,-424.88742883725644
2024/12/16 19:17:15.461188180,-413.2341057836987
2024/12/16 19:17:15.556084046,-411.620964840814
2024/12/16 19:17:15.656709332,-432.34255488886896
2024/12/16 19:17:15.757837218,-426.8710258320625
2024/12/16 19:17:15.861290197,-408.6540962433209
2024/12/16 19:17:15.977185460,-396.45956778982503
2024/12/16 19:17:16.56671612,-409.45643038540817
2024/12/16 19:17:16.159549957,-403.295571082948
2024/12/16 19:17:16.260510710,-377.50286073978776
2024/12/16 19:17:16.357855262,466.2695763757057
2024/12/16 19:17:16.457762796,343.69385009725124
2024/12/16 19:17:16.558468770,230.99631058651775
2024/12/16 19:17:16.656445475,182.40427921328202
2024/12/16 19:17:16.758191221,-347.0693455716084
2024/12/16 19:17:16.854602492,-373.5471817179305
2024/12/16 19:17:16.959790064,-321.84080086290925
2024/12/16 19:17:17.57030392,-134.80511075718957
2024/12/16 19:17:17.160568474,-56.085254866189466
2024/12/16 19:17:17.259328250,0.0
2024/12/16 19:17:17.358675070,0.0
2024/12/16 19:17:17.459001008,0.0
2024/12/16 19:17:17.559101510,0.0
2024/12/16 19:17:17.656554258,0.0
2024/12/16 19:17:17.756584071,0.0
2024/12/16 19:17:17.857215104,0.0
2024/12/16 19:17:17.960852893,0.0
2024/12/16 19:17:18.56568853,0.0
2024/12/16 19:17:18.154999492,0.0
2024/12/16 19:17:18.255907468,0.0
2024/12/16 19:17:18.354452421,0.0
2024/12/16 19:17:18.455814095,0.0
2024/12/16 19:17:18.567822819,76.2292236623635
2024/12/16 19:17:18.654995613,0.0
2024/12/16 19:17:18.758321483,0.0
2024/12/16 19:17:18.860650299,104.42986278213097
2024/12/16 19:17:18.958748845,103.65945798052812
2024/12/16 19:17:19.60591328,0.0
2024/12/16 19:17:19.157950675,0.0
2024/12/16 19:17:19.260894556,0.0
2024/12/16 19:17:19.360840241,-91.74571936395228
2024/12/16 19:17:19.460227660,-101.20241052028776
2024/12/16 19:17:19.558497163,-100.53555559830009
2024/12/16 19:17:19.661319435,-167.26938596526503
2024/12/16 19:17:19.760386170,-191.95405180096557
2024/12/16 19:17:19.862734498,-177.37321909321173
2024/12/16 19:17:19.959805208,-127.3421468418805
2024/12/16 19:17:20.58151976,-153.54551050805773
2024/12/16 19:17:20.158981220,-126.3247946849333
2024/12/16 19:17:20.261814246,-137.8607340448099
2024/12/16 19:17:20.364063915,-134.4437990371531
2024/12/16 19:17:20.459773132,-130.22885356304235
2024/12/16 19:17:20.560883224,-81.7680120708405
2024/12/16 19:17:20.655907294,-120.78280116992516
2024/12/16 19:17:20.756728724,-126.23555032127976
2024/12/16 19:17:20.857486231,-125.84117683420827
2024/12/16 19:17:20.956602780,-122.12594399207796
2024/12/16 19:17:21.54923750,-120.49199078838605
2024/12/16 19:17:21.160603415,-100.56746204788507
2024/12/16 19:17:21.258320636,-113.28005985358158
2024/12/16 19:17:21.362310992,-112.96047435150176
2024/12/16 19:17:21.462189937,-109.65651938223971
2024/12/16 19:17:21.559164264,0.0
2024/12/16 19:17:21.662884064,0.0
2024/12/16 19:17:21.759857321,-127.1372336720027
2024/12/16 19:17:21.860220588,-153.30622264496887
2024/12/16 19:17:21.960683687,-128.02352127769925
2024/12/16 19:17:22.59155383,-115.63580904552508
2024/12/16 19:17:22.160745056,-108.62488305092187
2024/12/16 19:17:22.260469777,-98.6950605014312
2024/12/16 19:17:22.358862170,0.0
2024/12/16 19:17:22.459360050,0.0
2024/12/16 19:17:22.559931772,0.0
2024/12/16 19:17:22.660148850,-97.76293621173902
2024/12/16 19:17:22.764390066,-86.71891277246817
2024/12/16 19:17:22.860199825,-110.84490218273436
2024/12/16 19:17:22.960797444,-102.41664761879461
2024/12/16 19:17:23.59816409,-95.99867072533202
2024/12/16 19:17:23.160911471,0.0
2024/12/16 19:17:23.255955007,0.0
2024/12/16 19:17:23.355978103,0.0
2024/12/16 19:17:23.455785390,-155.92038682511725
2024/12/16 19:17:23.554519417,-131.88652935476145
2024/12/16 19:17:23.660779557,-157.3374545791959
2024/12/16 19:17:23.755465576,-407.2489001908403
2024/12/16 19:17:23.859212208,-477.3295477227769
2024/12/16 19:17:23.967634534,-422.3766118301766
2024/12/16 19:17:24.58941641,-380.8280948161559
2024/12/16 19:17:24.161565987,-392.11349572228926
2024/12/16 19:17:24.257922252,0.0
2024/12/16 19:17:24.357646913,218.51187773078524
2024/12/16 19:17:24.459783214,247.18989868208922
2024/12/16 19:17:24.560347188,204.0532749610912
2024/12/16 19:17:24.658650153,100.34008370215328
2024/12/16 19:17:24.757798507,0.0
2024/12/16 19:17:24.860176508,-478.023695338589
2024/12/16 19:17:24.961255112,-320.15876328852664
2024/12/16 19:17:25.59632552,0.0
2024/12/16 19:17:25.160747898,127.44965697676872
2024/12/16 19:17:25.258806564,274.3612111294744
2024/12/16 19:17:25.359264597,380.64666843043494
2024/12/16 19:17:25.459560697,436.96696306228876
2024/12/16 19:17:25.561074719,454.1232210089584
2024/12/16 19:17:25.660788257,480.2283288496463
2024/12/16 19:17:25.759839049,486.7992814265241
2024/12/16 19:17:25.854936966,513.3185279006944
2024/12/16 19:17:25.956742186,517.6677775348136
2024/12/16 19:17:26.54778014,517.2641763781613
2024/12/16 19:17:26.154903086,523.8475339762476
2024/12/16 19:17:26.264687802,528.081004826369
2024/12/16 19:17:26.358202622,529.3264977209689
2024/12/16 19:17:26.459800245,513.0356485968839
2024/12/16 19:17:26.561130241,509.0038992486011
2024/12/16 19:17:26.661064773,523.3390962181932
2024/12/16 19:17:26.759718598,542.4800587480564
2024/12/16 19:17:26.858450066,520.2805096607719
2024/12/16 19:17:26.960799530,505.6157868016972
2024/12/16 19:17:27.61196494,514.5321682340557
2024/12/16 19:17:27.160126096,523.7534476142843
2024/12/16 19:17:27.259542009,550.8240452350999
2024/12/16 19:17:27.360480585,495.5644169338708
2024/12/16 19:17:27.460060362,481.71980870211814
2024/12/16 19:17:27.559534646,561.1190523826002
2024/12/16 19:17:27.659233973,582.791246897121
2024/12/16 19:17:27.760169512,426.9242974963957
2024/12/16 19:17:27.861012190,421.47935839851357
2024/12/16 19:17:27.960969453,531.9958898257029
2024/12/16 19:17:28.57969246,537.0690877942828
2024/12/16 19:17:28.160743677,424.95265749253156
2024/12/16 19:17:28.261634493,445.93769697314053
2024/12/16 19:17:28.355254632,528.9832843548178
2024/12/16 19:17:28.455474324,490.87226915142315
2024/12/16 19:17:28.555305475,400.16553596801083
2024/12/16 19:17:28.654893630,462.76675102331666
2024/12/16 19:17:28.762898472,524.2981956157341
2024/12/16 19:17:28.856167412,445.07394902918975
2024/12/16 19:17:28.963053651,397.04702757992834
2024/12/16 19:17:29.59721431,483.37139133958766
2024/12/16 19:17:29.161738729,521.4534824390174
2024/12/16 19:17:29.261333773,425.4610760811125
2024/12/16 19:17:29.360681104,382.0934373644338
2024/12/16 19:17:29.459699711,470.6667202308362
2024/12/16 19:17:29.558899196,506.90816571503785
2024/12/16 19:17:29.658448235,410.6621677657569
2024/12/16 19:17:29.760133970,376.2283574596389
2024/12/16 19:17:29.860080299,477.6980008306579
2024/12/16 19:17:29.961905085,509.52367413966977
2024/12/16 19:17:30.57617985,415.072377961295
2024/12/16 19:17:30.159634322,368.59967425241587
2024/12/16 19:17:30.259371174,454.2583122570067
2024/12/16 19:17:30.359549968,482.7112355188751
2024/12/16 19:17:30.458991373,-411.2558375731031
2024/12/16 19:17:30.623574170,-286.58090261808906
2024/12/16 19:17:30.659569475,-178.88824933196656
2024/12/16 19:17:30.759918173,273.65085797609794
2024/12/16 19:17:30.863833064,312.00322327782004
2024/12/16 19:17:30.957425343,0.0
2024/12/16 19:17:31.57103078,-114.68453865652181
2024/12/16 19:17:31.157287817,-249.9251938285684
2024/12/16 19:17:31.254920157,-366.65331264187125
2024/12/16 19:17:31.365658484,-448.5462524379089
2024/12/16 19:17:31.457228034,-493.3554726015392
2024/12/16 19:17:31.560297600,-508.31020429104507
2024/12/16 19:17:31.660140793,-451.514067444393
2024/12/16 19:17:31.759962908,-410.25849185675713
2024/12/16 19:17:31.859240989,-434.54765534388645
2024/12/16 19:17:31.966388769,-338.93441109108466
2024/12/16 19:17:32.59772882,-388.83392281075766
2024/12/16 19:17:32.158712569,-438.3427477520674
2024/12/16 19:17:32.260743436,-427.767779977544
2024/12/16 19:17:32.360842962,-375.6287663716061
2024/12/16 19:17:32.461407355,-343.2850039820851
2024/12/16 19:17:32.560530671,-351.57308105744954
2024/12/16 19:17:32.659108788,-357.62667163918354
2024/12/16 19:17:32.761351566,-331.73246396744844
2024/12/16 19:17:32.860019714,-289.7149011083121
2024/12/16 19:17:32.962495179,-225.400852945933
2024/12/16 19:17:33.61524002,-133.99798696111128
2024/12/16 19:17:33.159736295,-72.69993965558913
2024/12/16 19:17:33.259594916,0.0
2024/12/16 19:17:33.358506342,0.0
2024/12/16 19:17:33.456701924,0.0
2024/12/16 19:17:33.557570287,0.0
2024/12/16 19:17:33.657094630,0.0
2024/12/16 19:17:33.755405850,0.0
2024/12/16 19:17:33.856852430,0.0
2024/12/16 19:17:33.957013326,0.0
2024/12/16 19:17:34.59625119,0.0
2024/12/16 19:17:34.159073411,0.0
2024/12/16 19:17:34.259854069,0.0
2024/12/16 19:17:34.358855546,0.0
2024/12/16 19:17:34.460021383,0.0
2024/12/16 19:17:34.560192515,0.0
2024/12/16 19:17:34.658378257,0.0
2024/12/16 19:17:34.759863267,0.0
2024/12/16 19:17:34.859708011,0.0
2024/12/16 19:17:34.964851976,0.0
2024/12/16 19:17:35.55938634,0.0
2024/12/16 19:17:35.158004118,0.0
2024/12/16 19:17:35.259364562,0.0
2024/12/16 19:17:35.358212250,0.0
2024/12/16 19:17:35.459826159,0.0
2024/12/16 19:17:35.560177155,0.0
2024/12/16 19:17:35.659971580,0.0
2024/12/16 19:17:35.760293344,0.0
2024/12/16 19:17:35.862856041,0.0
2024/12/16 19:17:35.966513733,0.0
2024/12/16 19:17:36.57133921,0.0
2024/12/16 19:17:36.155751883,0.0
2024/12/16 19:17:36.256452199,0.0
2024/12/16 19:17:36.356261737,0.0
2024/12/16 19:17:36.462398566,0.0
2024/12/16 19:17:36.557564440,0.0
2024/12/16 19:17:36.662158214,0.0
2024/12/16 19:17:36.761943057,0.0
2024/12/16 19:17:36.862859773,-113.61167722855879
2024/12/16 19:17:36.964940835,-92.04873437551835
2024/12/16 19:17:37.60274439,0.0
2024/12/16 19:17:37.160449277,0.0
2024/12/16 19:17:37.261358223,0.0
2024/12/16 19:17:37.361082474,0.0
2024/12/16 19:17:37.459439249,0.0
2024/12/16 19:17:37.561211356,0.0
2024/12/16 19:17:37.660986882,0.0
2024/12/16 19:17:37.761505142,0.0
2024/12/16 19:17:37.859576624,0.0
2024/12/16 19:17:37.960780559,0.0
2024/12/16 19:17:38.58117037,0.0
2024/12/16 19:17:38.158204713,0.0
2024/12/16 19:17:38.260420550,0.0
2024/12/16 19:17:38.358602051,0.0
2024/12/16 19:17:38.460384180,0.0
2024/12/16 19:17:38.557774104,0.0
2024/12/16 19:17:38.658334022,-61.54015476875635
2024/12/16 19:17:38.757259883,-54.5817995421283
2024/12/16 19:17:38.857489673,0.0
2024/12/16 19:17:38.957294321,0.0
2024/12/16 19:17:39.56049323,0.0
2024/12/16 19:17:39.159473832,0.0
2024/12/16 19:17:39.258587731,0.0
2024/12/16 19:17:39.358088359,0.0
2024/12/16 19:17:39.459131931,0.0
2024/12/16 19:17:39.559398072,0.0
2024/12/16 19:17:39.659592361,0.0
2024/12/16 19:17:39.759384148,0.0
2024/12/16 19:17:39.858693593,0.0
2024/12/16 19:17:39.960694545,0.0
2024/12/16 19:17:40.59171972,0.0
2024/12/16 19:17:40.160551136,0.0
2024/12/16 19:17:40.259840422,0.0
2024/12/16 19:17:40.358707927,0.0
2024/12/16 19:17:40.458720016,0.0
2024/12/16 19:17:40.560950131,0.0
2024/12/16 19:17:40.658741325,0.0
2024/12/16 19:17:40.758717131,0.0
2024/12/16 19:17:40.859657165,0.0
2024/12/16 19:17:40.961987865,0.0
2024/12/16 19:17:41.57934888,0.0
2024/12/16 19:17:41.156981349,0.0
2024/12/16 19:17:41.258063539,0.0
2024/12/16 19:17:41.355779335,0.0
2024/12/16 19:17:41.456856175,0.0
2024/12/16 19:17:41.557925833,0.0
2024/12/16 19:17:41.658734561,0.0
2024/12/16 19:17:41.760185198,0.0
2024/12/16 19:17:41.858928929,0.0
2024/12/16 19:17:41.965654345,0.0
2024/12/16 19:17:42.59880391,0.0
2024/12/16 19:17:42.160523777,0.0
2024/12/16 19:17:42.260351306,0.0
2024/12/16 19:17:42.359528982,0.0
2024/12/16 19:17:42.458457936,0.0
2024/12/16 19:17:42.559870683,0.0
2024/12/16 19:17:42.659207921,0.0
2024/12/16 19:17:42.759316695,0.0
2024/12/16 19:17:42.862308548,0.0
2024/12/16 19:17:42.960913125,85.7119249366521
2024/12/16 19:17:43.58592560,78.58499077773845
2024/12/16 19:17:43.161948603,112.0160191561141
2024/12/16 19:17:43.259922537,107.40225414737647
2024/12/16 19:17:43.360249042,0.0
2024/12/16 19:17:43.459022088,0.0
2024/12/16 19:17:43.559250083,0.0
2024/12/16 19:17:43.655850135,81.84449012564528
2024/12/16 19:17:43.756912311,78.11745183525728
2024/12/16 19:17:43.857354202,113.8774691327676
2024/12/16 19:17:43.956698124,111.58812114852552
2024/12/16 19:17:44.59485382,88.51733789169596
2024/12/16 19:17:44.159178023,0.0
2024/12/16 19:17:44.259799529,0.0
2024/12/16 19:17:44.360771135,100.02966927864583
2024/12/16 19:17:44.459991554,94.12003084133343
2024/12/16 19:17:44.559969424,110.51453463599871
2024/12/16 19:17:44.659488666,107.22145365623794
2024/12/16 19:17:44.760422431,91.47714663082749
2024/12/16 19:17:44.859554335,0.0
2024/12/16 19:17:44.962788542,0.0
2024/12/16 19:17:45.60260633,109.82932430144099
2024/12/16 19:17:45.160022107,103.48602755520426
2024/12/16 19:17:45.262139843,121.11042551097995
2024/12/16 19:17:45.361370827,116.81887842304003
2024/12/16 19:17:45.459969850,97.24780690633052
2024/12/16 19:17:45.559696464,90.4863700934616
2024/12/16 19:17:45.659769685,0.0
2024/12/16 19:17:45.760863822,0.0
2024/12/16 19:17:45.860193255,115.94021477970219
2024/12/16 19:17:45.963192521,137.84821749093416
2024/12/16 19:17:46.60472521,136.99937947372203
2024/12/16 19:17:46.155970877,119.48182678908772
2024/12/16 19:17:46.258347627,107.00752364784866
2024/12/16 19:17:46.356953752,99.77207594126844
2024/12/16 19:17:46.457756080,106.69014404716299
2024/12/16 19:17:46.568300831,103.09460784376506
2024/12/16 19:17:46.658805325,107.19435386722951
2024/12/16 19:17:46.760413971,103.23985018107635
2024/12/16 19:17:46.859330489,101.32350462341083
2024/12/16 19:17:46.962245512,100.90878569918047
2024/12/16 19:17:47.61081906,99.34006342052982
2024/12/16 19:17:47.160798589,102.72193964491873
2024/12/16 19:17:47.261217623,105.92914086513495
2024/12/16 19:17:47.360812492,104.75025996132118
2024/12/16 19:17:47.459496333,108.85543767935913
2024/12/16 19:17:47.561023064,105.34189454641887
2024/12/16 19:17:47.659731788,100.84840827477043
2024/12/16 19:17:47.760510042,110.20903076642745
2024/12/16 19:17:47.858752625,0.0
2024/12/16 19:17:47.959309689,0.0
2024/12/16 19:17:48.57399582,0.0
2024/12/16 19:17:48.159458613,0.0
2024/12/16 19:17:48.257373966,0.0
2024/12/16 19:17:48.358368433,0.0
2024/12/16 19:17:48.459563081,0.0
2024/12/16 19:17:48.560239570,0.0
2024/12/16 19:17:48.658654610,0.0
2024/12/16 19:17:48.756668374,0.0
2024/12/16 19:17:48.856830070,0.0
2024/12/16 19:17:48.961162837,0.0
2024/12/16 19:17:49.55562912,0.0
2024/12/16 19:17:49.161519337,0.0
2024/12/16 19:17:49.256077584,-85.18816318406363
2024/12/16 19:17:49.360637378,-261.3026447382943
2024/12/16 19:17:49.461019571,-325.77969710116133
2024/12/16 19:17:49.561713972,-350.594748217311
2024/12/16 19:17:49.661810396,-335.82712401860164
2024/12/16 19:17:49.760821325,-314.67767918904417
2024/12/16 19:17:49.860860619,-315.3362813418625
2024/12/16 19:17:49.963792932,-327.3050582138645
2024/12/16 19:17:50.59759949,-212.2716298150215
2024/12/16 19:17:50.159791589,-308.4244988006588
2024/12/16 19:17:50.261038463,-297.34162456594385
2024/12/16 19:17:50.360299149,-343.2790105579805
2024/12/16 19:17:50.460449624,334.17106935386715
2024/12/16 19:17:50.562187561,-95.45582522268745
2024/12/16 19:17:50.661159712,-252.98058517851933
2024/12/16 19:17:50.761544343,-317.06147774211166
2024/12/16 19:17:50.859853598,-338.2880362203014
2024/12/16 19:17:50.963998252,-263.46794634752456
2024/12/16 19:17:51.60591178,-314.8404401545218
2024/12/16 19:17:51.161014017,-257.00068090501617
2024/12/16 19:17:51.257593131,-289.48548903369584
2024/12/16 19:17:51.356028387,-231.94222769869947
2024/12/16 19:17:51.458919455,-260.5761736410634
2024/12/16 19:17:51.556886800,-212.21020754078967
2024/12/16 19:17:51.657074132,-242.0169465516722
2024/12/16 19:17:51.756898342,-199.114323747078
2024/12/16 19:17:51.860619644,-226.4699443513488
2024/12/16 19:17:51.962726864,-183.19198144548878
2024/12/16 19:17:52.60744939,-207.95062932639533
2024/12/16 19:17:52.160827523,-163.34554874373603
2024/12/16 19:17:52.260478892,-85.96055190711758
2024/12/16 19:17:52.359065150,-154.49815798590998
2024/12/16 19:17:52.460253755,-140.4218232684729
2024/12/16 19:17:52.561073982,0.0
2024/12/16 19:17:52.659627388,0.0
2024/12/16 19:17:52.760720984,0.0
2024/12/16 19:17:52.861245241,176.86493613095516
2024/12/16 19:17:52.961354035,262.91373765090196
2024/12/16 19:17:53.61640224,467.1356549207996
2024/12/16 19:17:53.162730730,563.4599296930389
2024/12/16 19:17:53.260769324,610.9738938213178
2024/12/16 19:17:53.360161208,614.7975108643542
2024/12/16 19:17:53.460564062,619.9191149708349
2024/12/16 19:17:53.560201335,626.2999539747104
2024/12/16 19:17:53.661712337,629.1426283533598
2024/12/16 19:17:53.761735138,629.846522031484
2024/12/16 19:17:53.855852268,605.4482762797169
2024/12/16 19:17:53.958406158,511.1698642932208
2024/12/16 19:17:54.58572365,463.5888105874195
2024/12/16 19:17:54.155844310,538.9705853262327
2024/12/16 19:17:54.262623021,567.6322347763198
2024/12/16 19:17:54.356496640,555.4740870765443
2024/12/16 19:17:54.459809505,561.5675978567419
2024/12/16 19:17:54.561625083,587.2684490255289
2024/12/16 19:17:54.659288949,590.6334965587961
2024/12/16 19:17:54.760562791,603.2417937911246
2024/12/16 19:17:54.859106896,590.1437902365988
2024/12/16 19:17:54.962420417,565.9847537240562
2024/12/16 19:17:55.57458492,568.9278062085647
2024/12/16 19:17:55.160597473,561.1125267090791
2024/12/16 19:17:55.261505804,530.0182920953205
2024/12/16 19:17:55.361069266,513.0230392297625
2024/12/16 19:17:55.460795646,507.3489392096092
2024/12/16 19:17:55.559398199,494.90097114698904
2024/12/16 19:17:55.661935600,482.0793581681145
2024/12/16 19:17:55.760656871,464.3563234026959
2024/12/16 19:17:55.861096414,445.5818841301502
2024/12/16 19:17:55.962953358,419.1369118921708
2024/12/16 19:17:56.61561172,409.2981610822814
2024/12/16 19:17:56.161579620,424.94543121923476
2024/12/16 19:17:56.260258916,432.2959592758052
2024/12/16 19:17:56.359799772,423.9559794590175
2024/12/16 19:17:56.457067811,411.9725435544186
2024/12/16 19:17:56.557536297,371.59779133183815
2024/12/16 19:17:56.656549443,263.6602855540956
2024/12/16 19:17:56.756431915,0.0
2024/12/16 19:17:56.872208492,126.71970118336404
2024/12/16 19:17:56.957489599,167.8503210315903
2024/12/16 19:17:57.59780631,141.5734348599302
2024/12/16 19:17:57.160261480,0.0
2024/12/16 19:17:57.259581758,0.0
2024/12/16 19:17:57.359260867,0.0
2024/12/16 19:17:57.458790782,0.0
2024/12/16 19:17:57.558754625,0.0
2024/12/16 19:17:57.659386812,0.0
2024/12/16 19:17:57.759063103,0.0
2024/12/16 19:17:57.860561129,0.0
2024/12/16 19:17:57.959759354,0.0
2024/12/16 19:17:58.58968252,0.0
2024/12/16 19:17:58.157969456,0.0
2024/12/16 19:17:58.257865230,0.0
2024/12/16 19:17:58.358582146,0.0
2024/12/16 19:17:58.459002963,0.0
2024/12/16 19:17:58.558960152,0.0
2024/12/16 19:17:58.659145698,0.0
2024/12/16 19:17:58.758042364,0.0
2024/12/16 19:17:58.858009900,0.0
2024/12/16 19:17:58.957919187,0.0
2024/12/16 19:17:59.58877569,0.0
2024/12/16 19:17:59.157893491,0.0
2024/12/16 19:17:59.256408876,0.0
2024/12/16 19:17:59.357055414,0.0
2024/12/16 19:17:59.457037944,0.0
2024/12/16 19:17:59.557995489,0.0
2024/12/16 19:17:59.659398235,0.0
2024/12/16 19:17:59.759070572,0.0
2024/12/16 19:17:59.859187300,0.0
2024/12/16 19:17:59.959860314,0.0
2024/12/16 19:18:00.60265400,0.0
2024/12/16 19:18:00.160104159,0.0
2024/12/16 19:18:00.259727162,0.0
2024/12/16 19:18:00.361155639,0.0
2024/12/16 19:18:00.460310801,0.0
2024/12/16 19:18:00.560614480,0.0
2024/12/16 19:18:00.661103499,0.0
2024/12/16 19:18:00.759483750,0.0
2024/12/16 19:18:00.861879700,0.0
2024/12/16 19:18:00.962348696,0.0
2024/12/16 19:18:01.60053538,0.0
2024/12/16 19:18:01.159722875,0.0
2024/12/16 19:18:01.264017889,0.0
2024/12/16 19:18:01.359688132,0.0
2024/12/16 19:18:01.461226466,0.0
2024/12/16 19:18:01.557076322,0.0
2024/12/16 19:18:01.658763926,0.0
2024/12/16 19:18:01.759575728,0.0
2024/12/16 19:18:01.856091597,0.0
2024/12/16 19:18:01.970778419,0.0
2024/12/16 19:18:02.57162610,0.0
2024/12/16 19:18:02.158796475,0.0
2024/12/16 19:18:02.258912144,0.0
2024/12/16 19:18:02.358272010,0.0
2024/12/16 19:18:02.458185644,0.0
2024/12/16 19:18:02.558669504,0.0
2024/12/16 19:18:02.658836067,0.0
2024/12/16 19:18:02.758032898,0.0
2024/12/16 19:18:02.859608335,0.0
2024/12/16 19:18:02.963043213,0.0
2024/12/16 19:18:03.60693065,0.0
2024/12/16 19:18:03.161302121,0.0
2024/12/16 19:18:03.262849444,0.0
2024/12/16 19:18:03.360862695,0.0
2024/12/16 19:18:03.459727863,0.0
2024/12/16 19:18:03.561087372,0.0
2024/12/16 19:18:03.660749867,0.0
2024/12/16 19:18:03.759853705,0.0
2024/12/16 19:18:03.863343659,0.0
2024/12/16 19:18:03.962015094,0.0
2024/12/16 19:18:04.60252412,0.0
2024/12/16 19:18:04.157051988,0.0
2024/12/16 19:18:04.259912775,0.0
2024/12/16 19:18:04.358397814,0.0
2024/12/16 19:18:04.456007088,0.0
2024/12/16 19:18:04.559833795,0.0
2024/12/16 19:18:04.660313801,0.0
2024/12/16 19:18:04.760172426,0.0
2024/12/16 19:18:04.860456485,0.0
2024/12/16 19:18:04.966626806,102.66741086850087
2024/12/16 19:18:05.59650813,101.40649920581625
2024/12/16 19:18:05.161852569,155.01833479376697
2024/12/16 19:18:05.262018486,146.60277313146753
2024/12/16 19:18:05.361736579,0.0
2024/12/16 19:18:05.461505714,0.0
2024/12/16 19:18:05.563702346,0.0
2024/12/16 19:18:05.661559423,0.0
2024/12/16 19:18:05.761013281,0.0
2024/12/16 19:18:05.859247363,0.0
2024/12/16 19:18:05.962217959,0.0
2024/12/16 19:18:06.59840615,0.0
2024/12/16 19:18:06.160346741,0.0
2024/12/16 19:18:06.261849584,-55.31537314583433
2024/12/16 19:18:06.359519495,-132.4954966734831
2024/12/16 19:18:06.460903795,-124.946627240161
2024/12/16 19:18:06.561555205,-139.35283438726097
2024/12/16 19:18:06.657122966,-131.16708436794556
2024/12/16 19:18:06.758074496,-105.52566138914048
2024/12/16 19:18:06.857799804,-94.5150679119346
2024/12/16 19:18:06.957327717,-98.10470225374756
2024/12/16 19:18:07.57985497,-100.62345291418937
2024/12/16 19:18:07.162112654,0.0
2024/12/16 19:18:07.259116956,0.0
2024/12/16 19:18:07.361556095,-109.20903779500753
2024/12/16 19:18:07.461318229,-102.20468089486839
2024/12/16 19:18:07.559861917,-117.61440745997535
2024/12/16 19:18:07.661359600,-110.36832909534921
2024/12/16 19:18:07.761267853,-91.36834987821983
2024/12/16 19:18:07.861717941,0.0
2024/12/16 19:18:07.961782022,0.0
2024/12/16 19:18:08.60204798,-98.34657897324085
2024/12/16 19:18:08.160534555,-90.15636916124393
2024/12/16 19:18:08.260609717,-102.58884405120311
2024/12/16 19:18:08.361600499,0.0
2024/12/16 19:18:08.461777207,0.0
2024/12/16 19:18:08.562402673,0.0
2024/12/16 19:18:08.661102781,-104.87251823930622
2024/12/16 19:18:08.761096139,-116.41147219555667
2024/12/16 19:18:08.860941110,-106.03384723650883
2024/12/16 19:18:08.962446697,0.0
2024/12/16 19:18:09.60298121,0.0
2024/12/16 19:18:09.160889269,0.0
2024/12/16 19:18:09.256536117,0.0
2024/12/16 19:18:09.359615018,0.0
2024/12/16 19:18:09.458050931,-101.91750460902236
2024/12/16 19:18:09.556375551,-106.18375476306933
2024/12/16 19:18:09.662530193,0.0
2024/12/16 19:18:09.758047555,0.0
2024/12/16 19:18:09.860124676,0.0
2024/12/16 19:18:09.964312897,0.0
2024/12/16 19:18:10.62273775,0.0
2024/12/16 19:18:10.163667820,0.0
2024/12/16 19:18:10.261539927,0.0
2024/12/16 19:18:10.361632913,0.0
2024/12/16 19:18:10.460117072,0.0
2024/12/16 19:18:10.560614168,0.0
2024/12/16 19:18:10.661111904,0.0
2024/12/16 19:18:10.762875858,0.0
2024/12/16 19:18:10.859205665,0.0
2024/12/16 19:18:10.962738252,0.0
2024/12/16 19:18:11.63562042,0.0
2024/12/16 19:18:11.161291414,-104.90543614722719
2024/12/16 19:18:11.261010527,-91.99862654987608
2024/12/16 19:18:11.360050745,-254.04078214143507
2024/12/16 19:18:11.460061951,-233.1169232239198
2024/12/16 19:18:11.561771485,-292.81889764861813
2024/12/16 19:18:11.661969142,-237.90508520891257
2024/12/16 19:18:11.758901606,-313.09821293177765
2024/12/16 19:18:11.857630335,-249.7500850379595
2024/12/16 19:18:11.958056177,-258.4321489852906
2024/12/16 19:18:12.58605137,-210.93901722713412
2024/12/16 19:18:12.157640453,-266.8609510815113
2024/12/16 19:18:12.263660291,-221.95051226415117
2024/12/16 19:18:12.358993110,246.01640740233512
2024/12/16 19:18:12.460496528,172.22040918274973
2024/12/16 19:18:12.560381167,161.12398973838654
2024/12/16 19:18:12.661255010,114.4851008087553
2024/12/16 19:18:12.760117595,0.0
2024/12/16 19:18:12.862683949,-246.85636443294132
2024/12/16 19:18:12.966211523,-253.81566916758493
2024/12/16 19:18:13.61239146,-214.45600144917782
2024/12/16 19:18:13.159934240,-137.40319114721558
2024/12/16 19:18:13.260193693,-85.93324695915243
2024/12/16 19:18:13.361851619,0.0
2024/12/16 19:18:13.465521861,0.0
2024/12/16 19:18:13.559909162,0.0
2024/12/16 19:18:13.660889654,0.0
2024/12/16 19:18:13.761950587,0.0
2024/12/16 19:18:13.861650574,0.0
2024/12/16 19:18:13.963571449,0.0
2024/12/16 19:18:14.62093086,0.0
2024/12/16 19:18:14.160591478,0.0
2024/12/16 19:18:14.261567550,0.0
2024/12/16 19:18:14.357463614,0.0
2024/12/16 19:18:14.459325817,0.0
2024/12/16 19:18:14.560136972,0.0
2024/12/16 19:18:14.657002010,0.0
2024/12/16 19:18:14.762038571,0.0
2024/12/16 19:18:14.857662051,0.0
2024/12/16 19:18:14.965471232,0.0
2024/12/16 19:18:15.58561874,0.0
2024/12/16 19:18:15.161182776,0.0
2024/12/16 19:18:15.263863219,0.0
2024/12/16 19:18:15.361534495,0.0
2024/12/16 19:18:15.462749877,0.0
2024/12/16 19:18:15.562018812,0.0
2024/12/16 19:18:15.661062034,0.0
2024/12/16 19:18:15.761997682,0.0
2024/12/16 19:18:15.861718977,0.0
2024/12/16 19:18:15.963177168,0.0
2024/12/16 19:18:16.61199589,0.0
2024/12/16 19:18:16.161843357,0.0
2024/12/16 19:18:16.261869997,0.0
2024/12/16 19:18:16.363010568,0.0
2024/12/16 19:18:16.463627520,0.0
2024/12/16 19:18:16.561922073,0.0
2024/12/16 19:18:16.661895199,0.0
2024/12/16 19:18:16.762117315,0.0
2024/12/16 19:18:16.862341813,0.0
2024/12/16 19:18:16.957236758,0.0
2024/12/16 19:18:17.57852812,0.0
2024/12/16 19:18:17.158449977,0.0
2024/12/16 19:18:17.256737504,0.0
2024/12/16 19:18:17.366756822,0.0
2024/12/16 19:18:17.457493811,0.0
2024/12/16 19:18:17.559949786,0.0
2024/12/16 19:18:17.661326433,0.0
2024/12/16 19:18:17.760941160,0.0
2024/12/16 19:18:17.863910205,0.0
2024/12/16 19:18:17.962291480,0.0
2024/12/16 19:18:18.61314951,0.0
2024/12/16 19:18:18.163382491,0.0
2024/12/16 19:18:18.262973777,0.0
2024/12/16 19:18:18.360540442,0.0
2024/12/16 19:18:18.461470642,0.0
2024/12/16 19:18:18.562196438,0.0
2024/12/16 19:18:18.662249590,0.0
2024/12/16 19:18:18.761913798,0.0
2024/12/16 19:18:18.861489094,0.0
2024/12/16 19:18:18.967030537,0.0
2024/12/16 19:18:19.59326271,0.0
2024/12/16 19:18:19.161024169,-87.16625547856624
2024/12/16 19:18:19.261895421,-131.43623937420725
2024/12/16 19:18:19.360050530,-375.16154841615383
2024/12/16 19:18:19.458257021,-450.7196958856594
2024/12/16 19:18:19.562771804,-420.5475511391121
2024/12/16 19:18:19.662387318,-399.74770937807716
2024/12/16 19:18:19.757878576,-403.08185947498436
2024/12/16 19:18:19.859319474,-352.55539205580686
2024/12/16 19:18:19.961020741,344.8930936939111
2024/12/16 19:18:20.57919436,-116.13230057395535
2024/12/16 19:18:20.161747961,-242.74713763048715
2024/12/16 19:18:20.263570478,-222.60868912433946
2024/12/16 19:18:20.360860585,0.0
2024/12/16 19:18:20.463337893,-142.76898379617964
2024/12/16 19:18:20.560402224,-298.4489888651535
2024/12/16 19:18:20.660917072,-365.57573329349026
2024/12/16 19:18:20.761887545,-352.0315892906646
2024/12/16 19:18:20.861443797,-317.4542737396677
2024/12/16 19:18:20.963742255,-313.1896416560059
2024/12/16 19:18:21.59827076,-350.37320463594966
2024/12/16 19:18:21.162221704,-364.5479533379566
2024/12/16 19:18:21.261021566,-348.38108050087476
2024/12/16 19:18:21.361660809,-339.7376005508335
2024/12/16 19:18:21.459945847,0.0
2024/12/16 19:18:21.560052313,196.9898019421085
2024/12/16 19:18:21.659383541,211.40877740034944
2024/12/16 19:18:21.759783381,129.29035545840182
2024/12/16 19:18:21.862026501,0.0
2024/12/16 19:18:21.962667983,0.0
2024/12/16 19:18:22.57068057,0.0
2024/12/16 19:18:22.157983322,0.0
2024/12/16 19:18:22.259351523,-244.20632564507227
2024/12/16 19:18:22.357341964,-243.93087484530798
2024/12/16 19:18:22.462960269,0.0
2024/12/16 19:18:22.557578965,140.4283711682512
2024/12/16 19:18:22.662250722,280.7523859655076
2024/12/16 19:18:22.762882189,371.65125622233046
2024/12/16 19:18:22.859801790,421.1323416509042
2024/12/16 19:18:22.961833166,435.2523997732597
2024/12/16 19:18:23.58569163,417.7115617373898
2024/12/16 19:18:23.162532026,428.8121287691532
2024/12/16 19:18:23.262827725,447.99268441780725
2024/12/16 19:18:23.361567578,463.51435692430056
2024/12/16 19:18:23.460239990,493.83210728526274
2024/12/16 19:18:23.561491781,487.170076977618
2024/12/16 19:18:23.661947641,503.84557871534827
2024/12/16 19:18:23.760925753,525.8781308522753
2024/12/16 19:18:23.860444949,511.8143642031013
2024/12/16 19:18:23.965789304,446.56599508681575
2024/12/16 19:18:24.60653734,450.1486379469657
2024/12/16 19:18:24.161125790,493.1097189669939
2024/12/16 19:18:24.261448477,451.63828359625074
2024/12/16 19:18:24.361987371,366.98719750261773
2024/12/16 19:18:24.462346766,-363.1833658532849
2024/12/16 19:18:24.559757672,-221.9524371841246
2024/12/16 19:18:24.657441513,-141.97646402427665
2024/12/16 19:18:24.759931225,312.99421405723234
2024/12/16 19:18:24.858433238,340.5322036954578
2024/12/16 19:18:24.958039255,296.7101146948461
2024/12/16 19:18:25.58186959,184.87077493973385
2024/12/16 19:18:25.160287076,0.0
2024/12/16 19:18:25.260633741,74.7979009946054
2024/12/16 19:18:25.363260638,96.64078267471386
2024/12/16 19:18:25.460555172,0.0
2024/12/16 19:18:25.562570901,0.0
2024/12/16 19:18:25.662305237,0.0
2024/12/16 19:18:25.762075192,0.0
2024/12/16 19:18:25.863782576,0.0
2024/12/16 19:18:25.962524669,0.0
2024/12/16 19:18:26.58907322,0.0
2024/12/16 19:18:26.161613339,0.0
2024/12/16 19:18:26.260100602,0.0
2024/12/16 19:18:26.363540832,0.0
2024/12/16 19:18:26.463341775,0.0
2024/12/16 19:18:26.561965834,0.0
2024/12/16 19:18:26.661864258,0.0
2024/12/16 19:18:26.761854400,0.0
2024/12/16 19:18:26.860697054,0.0
2024/12/16 19:18:26.965509741,0.0
2024/12/16 19:18:27.60927140,0.0
2024/12/16 19:18:27.157483869,0.0
2024/12/16 19:18:27.260536048,0.0
2024/12/16 19:18:27.358119681,0.0
2024/12/16 19:18:27.457596092,0.0
2024/12/16 19:18:27.572597415,0.0
2024/12/16 19:18:27.659154092,0.0
2024/12/16 19:18:27.762635594,0.0
2024/12/16 19:18:27.861172329,0.0
2024/12/16 19:18:27.963137239,0.0
2024/12/16 19:18:28.58841708,0.0
2024/12/16 19:18:28.161197261,0.0
2024/12/16 19:18:28.260675673,0.0
2024/12/16 19:18:28.359439109,0.0
2024/12/16 19:18:28.460130140,0.0
2024/12/16 19:18:28.561296060,0.0
2024/12/16 19:18:28.661165108,0.0
2024/12/16 19:18:28.762012192,0.0
2024/12/16 19:18:28.860838975,0.0
2024/12/16 19:18:28.962338286,0.0
2024/12/16 19:18:29.61110654,0.0
2024/12/16 19:18:29.162081150,0.0
2024/12/16 19:18:29.262803079,0.0
2024/12/16 19:18:29.362397500,0.0
2024/12/16 19:18:29.462393640,0.0
2024/12/16 19:18:29.561876527,0.0
2024/12/16 19:18:29.657351531,0.0
2024/12/16 19:18:29.758360636,0.0
2024/12/16 19:18:29.858376682,0.0
2024/12/16 19:18:29.958778451,0.0
2024/12/16 19:18:30.60610684,0.0
2024/12/16 19:18:30.161295990,0.0
2024/12/16 19:18:30.260898166,0.0
2024/12/16 19:18:30.362347876,0.0
2024/12/16 19:18:30.462366761,0.0
2024/12/16 19:18:30.561168548,68.35655082197607
2024/12/16 19:18:30.662730381,62.722364521162035
2024/12/16 19:18:30.760557980,58.77695225123059
2024/12/16 19:18:30.862373164,104.328021281401
2024/12/16 19:18:30.963270995,105.70477940332853
2024/12/16 19:18:31.61984607,0.0
2024/12/16 19:18:31.162024029,0.0
2024/12/16 19:18:31.261991333,0.0
2024/12/16 19:18:31.361925860,0.0
2024/12/16 19:18:31.460667518,0.0
2024/12/16 19:18:31.562148844,0.0
2024/12/16 19:18:31.661886525,0.0
2024/12/16 19:18:31.760770036,0.0
2024/12/16 19:18:31.860878986,0.0
2024/12/16 19:18:31.968340551,0.0
2024/12/16 19:18:32.62367687,0.0
2024/12/16 19:18:32.163936316,0.0
2024/12/16 19:18:32.257881128,0.0
2024/12/16 19:18:32.358452709,0.0
2024/12/16 19:18:32.458283084,0.0
2024/12/16 19:18:32.557202433,0.0
2024/12/16 19:18:32.662809569,0.0
2024/12/16 19:18:32.757567360,0.0
2024/12/16 19:18:32.865476413,0.0
2024/12/16 19:18:32.961008524,0.0
2024/12/16 19:18:33.58385853,0.0
2024/12/16 19:18:33.160363833,0.0
2024/12/16 19:18:33.263083130,0.0
2024/12/16 19:18:33.360960761,0.0
2024/12/16 19:18:33.462471692,0.0
2024/12/16 19:18:33.562725118,0.0
2024/12/16 19:18:33.661237422,0.0
2024/12/16 19:18:33.763949292,0.0
2024/12/16 19:18:33.860754907,0.0
2024/12/16 19:18:33.962841448,0.0
2024/12/16 19:18:34.60711077,0.0
2024/12/16 19:18:34.161206954,0.0
2024/12/16 19:18:34.262138490,-116.2719536695654
2024/12/16 19:18:34.363275786,-109.52567699438636
2024/12/16 19:18:34.461768544,-129.16275300116718
2024/12/16 19:18:34.562779611,-94.59234774748057
2024/12/16 19:18:34.664113732,0.0
2024/12/16 19:18:34.761908421,0.0
2024/12/16 19:18:34.857673635,0.0
2024/12/16 19:18:34.959486365,0.0
2024/12/16 19:18:35.58567682,0.0
2024/12/16 19:18:35.158621349,0.0
2024/12/16 19:18:35.262271828,0.0
2024/12/16 19:18:35.360318823,0.0
2024/12/16 19:18:35.463847383,0.0
2024/12/16 19:18:35.566413783,0.0
2024/12/16 19:18:35.661869799,0.0
2024/12/16 19:18:35.761203772,0.0
2024/12/16 19:18:35.860848292,0.0
2024/12/16 19:18:35.967445235,0.0
2024/12/16 19:18:36.60265898,0.0
2024/12/16 19:18:36.159619883,0.0
2024/12/16 19:18:36.260204678,0.0
2024/12/16 19:18:36.363190063,0.0
2024/12/16 19:18:36.462782818,0.0
2024/12/16 19:18:36.562735209,0.0
2024/12/16 19:18:36.663020480,0.0
2024/12/16 19:18:36.763375504,0.0
2024/12/16 19:18:36.861829234,0.0
2024/12/16 19:18:36.963983129,0.0
2024/12/16 19:18:37.62759218,0.0
2024/12/16 19:18:37.164599830,0.0
2024/12/16 19:18:37.266331085,0.0
2024/12/16 19:18:37.360489436,0.0
2024/12/16 19:18:37.458758726,0.0
2024/12/16 19:18:37.560260198,0.0
2024/12/16 19:18:37.657905971,0.0
2024/12/16 19:18:37.765290619,0.0
2024/12/16 19:18:37.858784222,0.0
2024/12/16 19:18:37.963806072,0.0
2024/12/16 19:18:38.62389342,0.0
2024/12/16 19:18:38.161310485,0.0
2024/12/16 19:18:38.262864071,0.0
2024/12/16 19:18:38.362992818,0.0
2024/12/16 19:18:38.462092569,0.0
2024/12/16 19:18:38.561449421,0.0
2024/12/16 19:18:38.662090705,0.0
2024/12/16 19:18:38.760722261,126.06015324716
2024/12/16 19:18:38.864257848,141.4019191547018
2024/12/16 19:18:38.962635833,0.0
2024/12/16 19:18:39.61522342,0.0
2024/12/16 19:18:39.161218598,0.0
2024/12/16 19:18:39.261723916,0.0
2024/12/16 19:18:39.359548700,0.0
2024/12/16 19:18:39.459761327,0.0
2024/12/16 19:18:39.560846797,0.0
2024/12/16 19:18:39.661688902,0.0
2024/12/16 19:18:39.759573318,0.0
2024/12/16 19:18:39.868442426,0.0
2024/12/16 19:18:39.960260647,0.0
2024/12/16 19:18:40.58519571,0.0
2024/12/16 19:18:40.158523165,0.0
2024/12/16 19:18:40.257454054,0.0
2024/12/16 19:18:40.363603876,0.0
2024/12/16 19:18:40.458267733,0.0
2024/12/16 19:18:40.561857199,0.0
2024/12/16 19:18:40.661214548,0.0
2024/12/16 19:18:40.760775554,0.0
2024/12/16 19:18:40.859906061,0.0
2024/12/16 19:18:40.962324766,0.0
2024/12/16 19:18:41.60701108,0.0
2024/12/16 19:18:41.160211080,0.0
2024/12/16 19:18:41.261825299,0.0
2024/12/16 19:18:41.360256518,0.0
2024/12/16 19:18:41.460299449,0.0
2024/12/16 19:18:41.559828904,0.0
2024/12/16 19:18:41.660880393,0.0
2024/12/16 19:18:41.760487149,0.0
2024/12/16 19:18:41.860594760,0.0
2024/12/16 19:18:41.962873791,0.0
2024/12/16 19:18:42.62192992,0.0
2024/12/16 19:18:42.159847664,0.0
2024/12/16 19:18:42.259943549,0.0
2024/12/16 19:18:42.359828011,0.0
2024/12/16 19:18:42.457928230,0.0
2024/12/16 19:18:42.558971652,0.0
2024/12/16 19:18:42.658773447,0.0
2024/12/16 19:18:42.757747177,0.0
2024/12/16 19:18:42.859774574,0.0
2024/12/16 19:18:42.960249692,0.0
2024/12/16 19:18:43.59998780,0.0
2024/12/16 19:18:43.161032812,0.0
2024/12/16 19:18:43.259716788,0.0
2024/12/16 19:18:43.361185670,0.0
2024/12/16 19:18:43.461424160,0.0
2024/12/16 19:18:43.560764823,0.0
2024/12/16 19:18:43.660190996,0.0
2024/12/16 19:18:43.759742835,0.0
2024/12/16 19:18:43.861226454,0.0
2024/12/16 19:18:43.963915877,0.0
2024/12/16 19:18:44.63283858,0.0
2024/12/16 19:18:44.160791876,0.0
2024/12/16 19:18:44.260813672,0.0
2024/12/16 19:18:44.360723609,0.0
2024/12/16 19:18:44.459828546,0.0
2024/12/16 19:18:44.561134686,0.0
2024/12/16 19:18:44.661103196,0.0
2024/12/16 19:18:44.761300000,0.0
2024/12/16 19:18:44.861179652,0.0
2024/12/16 19:18:44.963939615,0.0
2024/12/16 19:18:45.58080899,0.0
2024/12/16 19:18:45.158622671,0.0
2024/12/16 19:18:45.259325986,0.0
2024/12/16 19:18:45.357623727,0.0
2024/12/16 19:18:45.463939332,0.0
2024/12/16 19:18:45.558047956,0.0
2024/12/16 19:18:45.661170076,0.0
2024/12/16 19:18:45.760061669,0.0
2024/12/16 19:18:45.862556645,0.0
2024/12/16 19:18:45.960593574,0.0
2024/12/16 19:18:46.60463958,0.0
2024/12/16 19:18:46.160318842,0.0
2024/12/16 19:18:46.260731015,0.0
2024/12/16 19:18:46.359881911,0.0
2024/12/16 19:18:46.459669731,0.0
2024/12/16 19:18:46.559752360,0.0
2024/12/16 19:18:46.662050231,0.0
2024/12/16 19:18:46.760651393,0.0
2024/12/16 19:18:46.859711918,0.0
2024/12/16 19:18:46.962872378,0.0
2024/12/16 19:18:47.59768603,0.0
2024/12/16 19:18:47.160022381,0.0
2024/12/16 19:18:47.263356209,0.0
2024/12/16 19:18:47.360728337,0.0
2024/12/16 19:18:47.459993001,0.0
2024/12/16 19:18:47.558613091,0.0
2024/12/16 19:18:47.659850004,0.0
2024/12/16 19:18:47.758659602,0.0
2024/12/16 19:18:47.858565669,0.0
2024/12/16 19:18:47.970327126,0.0
2024/12/16 19:18:48.58547217,0.0
2024/12/16 19:18:48.160083092,0.0
2024/12/16 19:18:48.260034431,0.0
2024/12/16 19:18:48.360877216,0.0
2024/12/16 19:18:48.461227760,0.0
2024/12/16 19:18:48.560786708,0.0
2024/12/16 19:18:48.661736522,0.0
2024/12/16 19:18:48.760899313,0.0
2024/12/16 19:18:48.862414166,0.0
2024/12/16 19:18:48.961691476,0.0
2024/12/16 19:18:49.60183391,0.0
2024/12/16 19:18:49.161049915,0.0
2024/12/16 19:18:49.260341498,0.0
2024/12/16 19:18:49.361626913,0.0
2024/12/16 19:18:49.463803115,0.0
2024/12/16 19:18:49.560992899,0.0
2024/12/16 19:18:49.660985208,0.0
2024/12/16 19:18:49.761557845,0.0
2024/12/16 19:18:49.862028885,0.0
2024/12/16 19:18:49.961931197,0.0
2024/12/16 19:18:50.60044354,0.0
2024/12/16 19:18:50.158320128,0.0
2024/12/16 19:18:50.258861424,0.0
2024/12/16 19:18:50.358860710,0.0
2024/12/16 19:18:50.457872053,0.0
2024/12/16 19:18:50.562647853,0.0
2024/12/16 19:18:50.660993670,0.0
2024/12/16 19:18:50.759713908,0.0
2024/12/16 19:18:50.863608432,0.0
2024/12/16 19:18:50.967313351,0.0
2024/12/16 19:18:51.60596997,0.0
2024/12/16 19:18:51.161149075,0.0
2024/12/16 19:18:51.261066095,0.0
2024/12/16 19:18:51.362142216,580.6259442724394
2024/12/16 19:18:51.462107049,1058.6455816335836
2024/12/16 19:18:51.561276993,1136.2051464518825
2024/12/16 19:18:51.663165372,657.3757554315724
2024/12/16 19:18:51.762466762,247.15230386055052
2024/12/16 19:18:51.860142712,259.22132678839324
2024/12/16 19:18:51.963393334,285.1396270753127
2024/12/16 19:18:52.61170855,187.29757122073588
2024/12/16 19:18:52.161540870,-865.4616923999237
2024/12/16 19:18:52.262477705,-1344.243348452604
2024/12/16 19:18:52.363175489,-1449.5542654550954
2024/12/16 19:18:52.461722878,-1307.6387521390582
2024/12/16 19:18:52.560635386,-1331.7361893614627
2024/12/16 19:18:52.659094489,-1383.7340858676307
2024/12/16 19:18:52.759469603,-1425.4082556268245
2024/12/16 19:18:52.860593738,-1440.8441919984582
2024/12/16 19:18:52.958898739,-1424.1399489334494
2024/12/16 19:18:53.59413964,-1476.5579760700634
2024/12/16 19:18:53.162626436,-1079.8979572090568
2024/12/16 19:18:53.261347863,-606.7491384937431
2024/12/16 19:18:53.362174681,-309.70469661376495
2024/12/16 19:18:53.460296999,-283.74865065048925
2024/12/16 19:18:53.560850987,-315.77404578105796
2024/12/16 19:18:53.660593330,-222.29657601525258
2024/12/16 19:18:53.760465586,-37.249180643225536
2024/12/16 19:18:53.862381897,-472.29795030140735
2024/12/16 19:18:53.966411785,-1036.2155856791924
2024/12/16 19:18:54.62402636,-1182.4416864199056
2024/12/16 19:18:54.161906323,-620.6707757443479
2024/12/16 19:18:54.264248040,-135.9203641099035
2024/12/16 19:18:54.360107816,-108.81777775670726
2024/12/16 19:18:54.460831307,-258.3298869354221
2024/12/16 19:18:54.560482541,-233.30254018104534
2024/12/16 19:18:54.662163449,-89.78637047296283
2024/12/16 19:18:54.762304525,-225.3098001038252
2024/12/16 19:18:54.861641129,-715.9498201698323
2024/12/16 19:18:54.969391467,-1080.152158745701
2024/12/16 19:18:55.63328926,-1129.6360081224898
2024/12/16 19:18:55.162074125,-595.9978253672773
2024/12/16 19:18:55.258576426,-161.03138183594078
2024/12/16 19:18:55.358806626,-175.25056321912913
2024/12/16 19:18:55.458595836,-288.3653037320787
2024/12/16 19:18:55.558010214,-216.60109889219808
2024/12/16 19:18:55.664355859,-60.214890385368136
2024/12/16 19:18:55.758352955,-402.22898297132633
2024/12/16 19:18:55.862788288,-915.548267060261
2024/12/16 19:18:55.963240746,-1126.8288474229269
2024/12/16 19:18:56.59993053,-1116.340145503702
2024/12/16 19:18:56.160947869,-1098.534375470285
2024/12/16 19:18:56.263862210,-957.508299377313
2024/12/16 19:18:56.361346455,0.0
2024/12/16 19:18:56.462495416,269.37320567121986
2024/12/16 19:18:56.562562270,-491.24996788372886
2024/12/16 19:18:56.662585138,-1087.3080179836627
2024/12/16 19:18:56.762425583,-1222.1950467343718
2024/12/16 19:18:56.862338281,-1120.5413460387683
2024/12/16 19:18:56.970103166,-632.0699574553227
2024/12/16 19:18:57.60037005,-300.611758115224
2024/12/16 19:18:57.162087252,-241.34085430692116
2024/12/16 19:18:57.260538658,-264.29145230259877
2024/12/16 19:18:57.362718305,-197.22083010555642
2024/12/16 19:18:57.462073982,-93.19302626090094
2024/12/16 19:18:57.562370341,-425.1593317949654
2024/12/16 19:18:57.662027741,-911.8934259044833
2024/12/16 19:18:57.763092163,-1104.8586915902856
2024/12/16 19:18:57.858716392,-1088.6872344807587
2024/12/16 19:18:57.959822738,-1139.6957455626346
2024/12/16 19:18:58.59049104,-1217.235797295303
2024/12/16 19:18:58.158255250,-766.0672153167762
2024/12/16 19:18:58.266058066,-347.0669507933346
2024/12/16 19:18:58.359303040,-252.15709598855432
2024/12/16 19:18:58.461999039,23.30764227340937
2024/12/16 19:18:58.561702893,-392.5590798723678
2024/12/16 19:18:58.661964744,-982.9382881032762
2024/12/16 19:18:58.762551568,-1170.8568889862431
2024/12/16 19:18:58.861603404,-1094.6478941919552
2024/12/16 19:18:58.962578343,-870.6951671967739
2024/12/16 19:18:59.63570114,-513.552382574126
2024/12/16 19:18:59.161343983,-312.9364843479138
2024/12/16 19:18:59.262286734,-276.7923576663397
2024/12/16 19:18:59.361240713,-249.55133785844862
2024/12/16 19:18:59.462346222,-60.465531561189394
2024/12/16 19:18:59.562467438,-453.606184684942
2024/12/16 19:18:59.660794821,-990.929254670703
2024/12/16 19:18:59.761433913,-1157.3328642374086
2024/12/16 19:18:59.862465250,-1089.9798387897533
2024/12/16 19:18:59.965892539,-1113.9882237372037
2024/12/16 19:19:00.60062476,-1247.5583975398927
2024/12/16 19:19:00.160952959,-1332.8486397926674
2024/12/16 19:19:00.262481608,-1333.1130153621177
2024/12/16 19:19:00.360334719,-1292.1445116888488
2024/12/16 19:19:00.459195806,-1103.5321753281853
2024/12/16 19:19:00.560092916,-665.8173605416562
2024/12/16 19:19:00.658518005,-371.80264569608215
2024/12/16 19:19:00.759043408,0.0
2024/12/16 19:19:00.859237329,-204.10211916880814
2024/12/16 19:19:00.962548221,-584.0509983290335
2024/12/16 19:19:01.60391872,-416.3301687139634
2024/12/16 19:19:01.161437276,-49.080200954364436
2024/12/16 19:19:01.260459306,35.277075336633644
2024/12/16 19:19:01.360896544,0.0
2024/12/16 19:19:01.461028523,-484.15100346021
2024/12/16 19:19:01.561167566,-962.438729284283
2024/12/16 19:19:01.665708589,-1091.3758070261865
2024/12/16 19:19:01.763262887,-1068.4426133676538
2024/12/16 19:19:01.863405384,-616.1441194024454
2024/12/16 19:19:01.962850257,-262.4553399179366
2024/12/16 19:19:02.63785249,-206.90541305865636
2024/12/16 19:19:02.163410594,-321.234195067297
2024/12/16 19:19:02.263495049,-229.62005161505286
2024/12/16 19:19:02.362138584,-49.40143209854773
2024/12/16 19:19:02.461658997,0.0
2024/12/16 19:19:02.560550837,0.0
2024/12/16 19:19:02.660570099,0.0
2024/12/16 19:19:02.762309195,0.0
2024/12/16 19:19:02.861490718,0.0
2024/12/16 19:19:02.961318094,0.0
2024/12/16 19:19:03.59428540,0.0
2024/12/16 19:19:03.159238501,0.0
2024/12/16 19:19:03.258338172,0.0
2024/12/16 19:19:03.362916142,0.0
2024/12/16 19:19:03.458653116,0.0
2024/12/16 19:19:03.560445082,0.0
2024/12/16 19:19:03.660324550,0.0
2024/12/16 19:19:03.760403524,0.0
2024/12/16 19:19:03.861934395,0.0
2024/12/16 19:19:03.963143314,0.0
2024/12/16 19:19:04.61692877,0.0
2024/12/16 19:19:04.161471401,0.0
2024/12/16 19:19:04.262438639,0.0
2024/12/16 19:19:04.361282958,0.0
2024/12/16 19:19:04.462463248,0.0
2024/12/16 19:19:04.561727189,0.0
2024/12/16 19:19:04.660605750,0.0
2024/12/16 19:19:04.760744654,0.0
2024/12/16 19:19:04.861574575,0.0
2024/12/16 19:19:04.971097320,0.0
2024/12/16 19:19:05.61675058,0.0
2024/12/16 19:19:05.160464408,0.0
2024/12/16 19:19:05.262655730,0.0
2024/12/16 19:19:05.361899096,0.0
2024/12/16 19:19:05.461858443,0.0
2024/12/16 19:19:05.558448929,0.0
2024/12/16 19:19:05.659604700,0.0
2024/12/16 19:19:05.759429591,0.0
2024/12/16 19:19:05.862728599,0.0
2024/12/16 19:19:05.964722667,0.0
2024/12/16 19:19:06.58678095,0.0
2024/12/16 19:19:06.161388138,0.0
2024/12/16 19:19:06.261386259,0.0
2024/12/16 19:19:06.361065175,0.0
2024/12/16 19:19:06.461838082,0.0
2024/12/16 19:19:06.561451574,0.0
2024/12/16 19:19:06.661590175,0.0
2024/12/16 19:19:06.761762086,0.0
2024/12/16 19:19:06.861575659,0.0
2024/12/16 19:19:06.963796874,0.0
2024/12/16 19:19:07.62190450,0.0
2024/12/16 19:19:07.160810690,0.0
2024/12/16 19:19:07.261574373,0.0
2024/12/16 19:19:07.361690012,0.0
2024/12/16 19:19:07.461033765,0.0
2024/12/16 19:19:07.561394785,0.0
2024/12/16 19:19:07.662329334,0.0
2024/12/16 19:19:07.760530407,0.0
2024/12/16 19:19:07.859366491,0.0
2024/12/16 19:19:07.963920654,0.0
2024/12/16 19:19:08.58548763,0.0
2024/12/16 19:19:08.159532902,0.0
2024/12/16 19:19:08.259456841,0.0
2024/12/16 19:19:08.358799405,0.0
2024/12/16 19:19:08.461301620,0.0
2024/12/16 19:19:08.561088755,0.0
2024/12/16 19:19:08.660616205,0.0
2024/12/16 19:19:08.761683737,0.0
2024/12/16 19:19:08.862631705,0.0
2024/12/16 19:19:08.963966870,0.0
2024/12/16 19:19:09.61210746,0.0
2024/12/16 19:19:09.161719257,0.0
2024/12/16 19:19:09.262941973,0.0
2024/12/16 19:19:09.360674808,0.0
2024/12/16 19:19:09.460560628,0.0
2024/12/16 19:19:09.561656155,0.0
2024/12/16 19:19:09.661943974,0.0
2024/12/16 19:19:09.761523253,0.0
2024/12/16 19:19:09.861538914,0.0
2024/12/16 19:19:09.962633762,0.0
2024/12/16 19:19:10.64228734,0.0
2024/12/16 19:19:10.162287173,0.0
2024/12/16 19:19:10.262011840,0.0
2024/12/16 19:19:10.361585880,0.0
2024/12/16 19:19:10.461778872,0.0
2024/12/16 19:19:10.560640198,0.0
2024/12/16 19:19:10.658632027,0.0
2024/12/16 19:19:10.759492676,0.0
2024/12/16 19:19:10.859523531,0.0
2024/12/16 19:19:10.958684135,0.0
2024/12/16 19:19:11.59587385,0.0
2024/12/16 19:19:11.161710349,0.0
2024/12/16 19:19:11.261092543,0.0
2024/12/16 19:19:11.361776528,0.0
2024/12/16 19:19:11.460480293,0.0
2024/12/16 19:19:11.560689870,0.0
2024/12/16 19:19:11.661927611,0.0
2024/12/16 19:19:11.761813461,0.0
2024/12/16 19:19:11.862488384,0.0
2024/12/16 19:19:11.964366536,0.0
2024/12/16 19:19:12.60351840,0.0
2024/12/16 19:19:12.160875956,0.0
2024/12/16 19:19:12.261879434,0.0
2024/12/16 19:19:12.362897091,0.0
2024/12/16 19:19:12.461354482,0.0
2024/12/16 19:19:12.561961705,0.0
2024/12/16 19:19:12.662322171,0.0
2024/12/16 19:19:12.761079839,0.0
2024/12/16 19:19:12.861201700,0.0
2024/12/16 19:19:12.964371083,0.0
2024/12/16 19:19:13.61612802,0.0
2024/12/16 19:19:13.158600658,0.0
2024/12/16 19:19:13.259905047,0.0
2024/12/16 19:19:13.359668644,0.0
2024/12/16 19:19:13.458969917,0.0
2024/12/16 19:19:13.565799544,0.0
2024/12/16 19:19:13.658875099,0.0
2024/12/16 19:19:13.761820317,0.0
2024/12/16 19:19:13.861318730,0.0
2024/12/16 19:19:13.962991634,0.0
2024/12/16 19:19:14.62375513,0.0
2024/12/16 19:19:14.161407584,0.0
2024/12/16 19:19:14.261214244,0.0
2024/12/16 19:19:14.361755849,-579.63601666363
2024/12/16 19:19:14.462690780,-1057.1282972136225
2024/12/16 19:19:14.566178736,-647.207318694908
2024/12/16 19:19:14.661412395,-115.70491042670612
2024/12/16 19:19:14.761432007,-56.77963157571609
2024/12/16 19:19:14.860835318,-219.29237883602562
2024/12/16 19:19:14.962331199,-208.49289122296705
2024/12/16 19:19:15.61899999,-67.1227741519553
2024/12/16 19:19:15.160715136,0.0
2024/12/16 19:19:15.261996559,0.0
2024/12/16 19:19:15.362671659,0.0
2024/12/16 19:19:15.463387383,0.0
2024/12/16 19:19:15.561134479,0.0
2024/12/16 19:19:15.659663905,0.0
2024/12/16 19:19:15.759115353,0.0
2024/12/16 19:19:15.859127899,0.0
2024/12/16 19:19:15.959089492,0.0
2024/12/16 19:19:16.62251186,-389.03066017118647
2024/12/16 19:19:16.160695273,-866.7035164359871
2024/12/16 19:19:16.261561575,-1053.5588260241134
2024/12/16 19:19:16.361907431,-1042.8476866551573
2024/12/16 19:19:16.463920062,-833.2807130281519
2024/12/16 19:19:16.561156689,-471.02006765893054
2024/12/16 19:19:16.663484468,-300.79896576136605
2024/12/16 19:19:16.761824296,-276.8380163955023
2024/12/16 19:19:16.861208130,-248.38843145450022
2024/12/16 19:19:16.962332738,-170.65780966057605
2024/12/16 19:19:17.61861798,840.9179690154554
2024/12/16 19:19:17.163193899,1347.2500902706488
2024/12/16 19:19:17.262473600,1314.3219535564833
2024/12/16 19:19:17.362537207,1144.5329364957306
2024/12/16 19:19:17.464624645,1139.0374013163623
2024/12/16 19:19:17.563448497,834.6606710563709
2024/12/16 19:19:17.661152022,433.11875088807193
2024/12/16 19:19:17.761736519,279.47642476659155
2024/12/16 19:19:17.862545464,327.87564860553744
2024/12/16 19:19:17.964473666,299.8503417682705
2024/12/16 19:19:18.59665007,158.2217471362316
2024/12/16 19:19:18.163226801,-638.7803356628257
2024/12/16 19:19:18.259565390,-1102.0298994470725
2024/12/16 19:19:18.359332844,-1140.1168879899606
2024/12/16 19:19:18.459789531,-1058.090329625773
2024/12/16 19:19:18.558807728,-1100.960394927071
2024/12/16 19:19:18.663495592,-1274.8410401308752
2024/12/16 19:19:18.759259057,-1344.1001409704224
2024/12/16 19:19:18.864240316,-1283.2031113712023
2024/12/16 19:19:18.965406113,-1336.0062300212026
2024/12/16 19:19:19.58841084,-1168.9278370736076
2024/12/16 19:19:19.162694937,-706.2506992907287
2024/12/16 19:19:19.264349334,-342.68620723870674
2024/12/16 19:19:19.362159968,-281.7038070471356
2024/12/16 19:19:19.462190070,-94.2903337282489
2024/12/16 19:19:19.562198780,-510.20590108191357
2024/12/16 19:19:19.663337604,-1035.3843453164484
2024/12/16 19:19:19.762560410,-1184.7381153019164
2024/12/16 19:19:19.864073056,-1096.5998678290339
2024/12/16 19:19:19.963410347,-871.1221855044784
2024/12/16 19:19:20.62905563,-549.4134048106151
2024/12/16 19:19:20.163167190,-343.4126740269532
2024/12/16 19:19:20.263887641,87.18635521438523
2024/12/16 19:19:20.364039121,-372.65287344302953
2024/12/16 19:19:20.463265044,-989.3414971520963
2024/12/16 19:19:20.563739471,-1235.759637651011
2024/12/16 19:19:20.664951157,-1120.5207442821513
2024/12/16 19:19:20.762700417,-1124.206516402948
2024/12/16 19:19:20.859429779,-1236.4851319028544
2024/12/16 19:19:20.960305321,-1335.1472751688434
2024/12/16 19:19:21.59116935,-1350.7236558897102
2024/12/16 19:19:21.160107440,-1347.0129212598988
2024/12/16 19:19:21.262507905,-1403.4994836748824
2024/12/16 19:19:21.364898366,-1428.8112422678842
2024/12/16 19:19:21.465757423,-1215.2111045760666
2024/12/16 19:19:21.562511038,-791.9869318534451
2024/12/16 19:19:21.662961052,-408.31100574077766
2024/12/16 19:19:21.763138609,-303.91870410063126
2024/12/16 19:19:21.863130687,-295.40661852417
2024/12/16 19:19:21.963973414,-232.73159478750148
2024/12/16 19:19:22.59629911,-125.70507628002304
2024/12/16 19:19:22.162000255,-87.2080885103283
2024/12/16 19:19:22.263390483,-100.28521837342502
2024/12/16 19:19:22.361373313,0.0
2024/12/16 19:19:22.461361736,0.0
2024/12/16 19:19:22.560820114,0.0
2024/12/16 19:19:22.661113513,0.0
2024/12/16 19:19:22.762176613,0.0
2024/12/16 19:19:22.863781389,0.0
2024/12/16 19:19:22.962630060,0.0
2024/12/16 19:19:23.62807338,0.0
2024/12/16 19:19:23.162457677,0.0
2024/12/16 19:19:23.261350929,0.0
2024/12/16 19:19:23.361237388,0.0
2024/12/16 19:19:23.460948932,0.0
2024/12/16 19:19:23.560997141,0.0
2024/12/16 19:19:23.659221346,0.0
2024/12/16 19:19:23.762369570,0.0
2024/12/16 19:19:23.860486747,-577.4026201966842
2024/12/16 19:19:23.963265361,-1055.6831321708257
2024/12/16 19:19:24.61694063,-659.876158387132
2024/12/16 19:19:24.162866680,-97.79063512584258
2024/12/16 19:19:24.262278649,-67.54865622021774
2024/12/16 19:19:24.361256908,-210.9595355148558
2024/12/16 19:19:24.461235056,-184.7920233826577
2024/12/16 19:19:24.562069771,-47.95229294313958
2024/12/16 19:19:24.661330004,0.0
2024/12/16 19:19:24.760905976,0.0
2024/12/16 19:19:24.864240116,0.0
2024/12/16 19:19:24.963390218,0.0
2024/12/16 19:19:25.62599305,0.0
2024/12/16 19:19:25.162524080,0.0
2024/12/16 19:19:25.261870229,0.0
2024/12/16 19:19:25.361133043,0.0
2024/12/16 19:19:25.462320077,0.0
2024/12/16 19:19:25.561710672,0.0
2024/12/16 19:19:25.662550981,0.0
2024/12/16 19:19:25.761111055,0.0
2024/12/16 19:19:25.861562851,0.0
2024/12/16 19:19:25.959914671,0.0
2024/12/16 19:19:26.60748997,0.0
2024/12/16 19:19:26.160109101,0.0
2024/12/16 19:19:26.259139164,0.0
2024/12/16 19:19:26.363829055,0.0
2024/12/16 19:19:26.459853601,0.0
2024/12/16 19:19:26.561549913,0.0
2024/12/16 19:19:26.661138143,0.0
2024/12/16 19:19:26.761212245,0.0
2024/12/16 19:19:26.862618091,0.0
2024/12/16 19:19:26.962791458,0.0
2024/12/16 19:19:27.61175269,0.0
2024/12/16 19:19:27.161269610,0.0
2024/12/16 19:19:27.261655910,0.0
2024/12/16 19:19:27.362238625,0.0
2024/12/16 19:19:27.461613592,0.0
2024/12/16 19:19:27.561293220,0.0
2024/12/16 19:19:27.661867915,0.0
2024/12/16 19:19:27.762914062,0.0
2024/12/16 19:19:27.861055906,0.0
2024/12/16 19:19:27.963822768,0.0
2024/12/16 19:19:28.62772075,0.0
2024/12/16 19:19:28.161882206,0.0
2024/12/16 19:19:28.261255638,0.0
2024/12/16 19:19:28.362066844,0.0
2024/12/16 19:19:28.462365952,0.0
2024/12/16 19:19:28.561734852,0.0
2024/12/16 19:19:28.660044733,0.0
2024/12/16 19:19:28.759297121,0.0
2024/12/16 19:19:28.859329947,0.0
2024/12/16 19:19:28.968584157,0.0
2024/12/16 19:19:29.59409823,0.0
2024/12/16 19:19:29.162051012,0.0
2024/12/16 19:19:29.263022453,0.0
2024/12/16 19:19:29.361211240,0.0
2024/12/16 19:19:29.462963951,0.0
2024/12/16 19:19:29.561856716,0.0
2024/12/16 19:19:29.663457880,0.0
2024/12/16 19:19:29.761902056,0.0
2024/12/16 19:19:29.861808887,0.0
2024/12/16 19:19:29.965568352,0.0
2024/12/16 19:19:30.61230591,0.0
2024/12/16 19:19:30.162135035,0.0
2024/12/16 19:19:30.262842937,0.0
2024/12/16 19:19:30.362695932,0.0
2024/12/16 19:19:30.462389649,0.0
2024/12/16 19:19:30.561382247,0.0
2024/12/16 19:19:30.661367605,0.0
2024/12/16 19:19:30.762080962,0.0
2024/12/16 19:19:30.861396871,0.0
2024/12/16 19:19:30.962438471,0.0
2024/12/16 19:19:31.59294861,0.0
2024/12/16 19:19:31.160238823,0.0
2024/12/16 19:19:31.260185225,0.0
2024/12/16 19:19:31.359643656,0.0
2024/12/16 19:19:31.463333415,0.0
2024/12/16 19:19:31.559395006,0.0
2024/12/16 19:19:31.661437710,0.0
2024/12/16 19:19:31.761875035,0.0
2024/12/16 19:19:31.861348444,0.0
2024/12/16 19:19:31.966744560,0.0
2024/12/16 19:19:32.64813493,0.0
2024/12/16 19:19:32.164246796,0.0
2024/12/16 19:19:32.262295327,0.0
2024/12/16 19:19:32.362162857,0.0
2024/12/16 19:19:32.463451506,0.0
2024/12/16 19:19:32.562793154,0.0
2024/12/16 19:19:32.661680875,0.0
2024/12/16 19:19:32.761284707,0.0
2024/12/16 19:19:32.862474233,0.0
2024/12/16 19:19:32.963251995,0.0
2024/12/16 19:19:33.61349514,0.0
2024/12/16 19:19:33.162638911,0.0
2024/12/16 19:19:33.261999430,0.0
2024/12/16 19:19:33.361158030,0.0
2024/12/16 19:19:33.462785591,0.0
2024/12/16 19:19:33.564536915,0.0
2024/12/16 19:19:33.659525402,0.0
2024/12/16 19:19:33.760521104,0.0
2024/12/16 19:19:33.859297876,0.0
2024/12/16 19:19:33.966448012,0.0
2024/12/16 19:19:34.59976522,0.0
2024/12/16 19:19:34.162693039,0.0
2024/12/16 19:19:34.261620009,0.0
2024/12/16 19:19:34.362459801,0.0
2024/12/16 19:19:34.461945966,0.0
2024/12/16 19:19:34.561217448,0.0
2024/12/16 19:19:34.662520698,0.0
2024/12/16 19:19:34.762020226,0.0
2024/12/16 19:19:34.862401231,0.0
2024/12/16 19:19:34.962631537,0.0
2024/12/16 19:19:35.61098705,0.0
2024/12/16 19:19:35.161967075,0.0
2024/12/16 19:19:35.261992738,0.0
2024/12/16 19:19:35.362301969,0.0
2024/12/16 19:19:35.461099450,0.0
2024/12/16 19:19:35.561218638,0.0
2024/12/16 19:19:35.661120458,0.0
2024/12/16 19:19:35.762795895,0.0
2024/12/16 19:19:35.862960833,0.0
2024/12/16 19:19:35.964008480,0.0
2024/12/16 19:19:36.62187984,0.0
2024/12/16 19:19:36.160189554,0.0
2024/12/16 19:19:36.261661577,126.01076233070168
2024/12/16 19:19:36.360251818,126.27550569120673
2024/12/16 19:19:36.459542875,115.31139289462581
2024/12/16 19:19:36.567375774,0.0
2024/12/16 19:19:36.660181666,0.0
2024/12/16 19:19:36.761896593,0.0
2024/12/16 19:19:36.861571932,0.0
2024/12/16 19:19:36.964380044,0.0
2024/12/16 19:19:37.62066674,0.0
2024/12/16 19:19:37.162547311,0.0
2024/12/16 19:19:37.262716594,0.0
2024/12/16 19:19:37.361926866,0.0
2024/12/16 19:19:37.462931842,0.0
2024/12/16 19:19:37.563048352,0.0
2024/12/16 19:19:37.663357779,0.0
2024/12/16 19:19:37.763838706,0.0
2024/12/16 19:19:37.863769703,0.0
2024/12/16 19:19:37.963400211,0.0
2024/12/16 19:19:38.62542603,0.0
2024/12/16 19:19:38.162255705,0.0
2024/12/16 19:19:38.261297673,0.0
2024/12/16 19:19:38.361933398,0.0
2024/12/16 19:19:38.462270251,0.0
2024/12/16 19:19:38.563086120,0.0
2024/12/16 19:19:38.662814792,0.0
2024/12/16 19:19:38.759536692,0.0
2024/12/16 19:19:38.860844094,0.0
2024/12/16 19:19:38.960448877,0.0
2024/12/16 19:19:39.59398042,0.0
2024/12/16 19:19:39.170395550,0.0
2024/12/16 19:19:39.260149174,0.0
2024/12/16 19:19:39.362997821,0.0
2024/12/16 19:19:39.461401575,0.0
2024/12/16 19:19:39.562178361,0.0
2024/12/16 19:19:39.662089722,0.0
2024/12/16 19:19:39.762533703,0.0
2024/12/16 19:19:39.861896420,0.0
2024/12/16 19:19:39.964048912,0.0
2024/12/16 19:19:40.62903909,0.0
2024/12/16 19:19:40.161528618,0.0
2024/12/16 19:19:40.261635559,0.0
2024/12/16 19:19:40.364557748,0.0
2024/12/16 19:19:40.463203394,0.0
2024/12/16 19:19:40.561988684,0.0
2024/12/16 19:19:40.664558882,0.0
2024/12/16 19:19:40.761463630,0.0
2024/12/16 19:19:40.861278441,0.0
2024/12/16 19:19:40.964291055,0.0
2024/12/16 19:19:41.61799680,0.0
2024/12/16 19:19:41.162392423,0.0
2024/12/16 19:19:41.261354813,0.0
2024/12/16 19:19:41.362804672,0.0
2024/12/16 19:19:41.460306516,0.0
2024/12/16 19:19:41.560275649,0.0
2024/12/16 19:19:41.660557395,0.0
2024/12/16 19:19:41.760067493,0.0
2024/12/16 19:19:41.862526657,0.0
2024/12/16 19:19:41.963286311,0.0
2024/12/16 19:19:42.61734136,0.0
2024/12/16 19:19:42.162472589,0.0
2024/12/16 19:19:42.262383478,0.0
2024/12/16 19:19:42.363859831,0.0
2024/12/16 19:19:42.463060377,0.0
2024/12/16 19:19:42.562085240,0.0
2024/12/16 19:19:42.662343537,0.0
2024/12/16 19:19:42.761460172,0.0
2024/12/16 19:19:42.862884688,0.0
2024/12/16 19:19:42.965022740,0.0
2024/12/16 19:19:43.60817216,0.0
2024/12/16 19:19:43.163195534,0.0
2024/12/16 19:19:43.263000231,0.0
2024/12/16 19:19:43.365685278,0.0
2024/12/16 19:19:43.462522759,0.0
2024/12/16 19:19:43.562982221,0.0
2024/12/16 19:19:43.662435861,-287.76465693862343
2024/12/16 19:19:43.766379861,-765.9472584684029
2024/12/16 19:19:43.860428436,-1120.8687105083284
2024/12/16 19:19:43.961068693,-1133.214692114756
2024/12/16 19:19:44.60819526,-850.1817451478375
2024/12/16 19:19:44.159898817,-457.36899715711684
2024/12/16 19:19:44.262507804,-271.58936595212515
2024/12/16 19:19:44.360177405,-272.9363645399167
2024/12/16 19:19:44.462830191,-257.9571751941725
2024/12/16 19:19:44.563492295,-362.5589241155592
2024/12/16 19:19:44.664429172,-752.6271787169145
2024/12/16 19:19:44.763277470,-1050.330526387251
2024/12/16 19:19:44.863611985,-1111.674280622591
2024/12/16 19:19:44.968470938,-1080.2672128737552
2024/12/16 19:19:45.61340406,-1178.079116988936
2024/12/16 19:19:45.164723615,-1276.8160376178707
2024/12/16 19:19:45.263963095,-1339.8970236208538
2024/12/16 19:19:45.364237076,-1348.515207396351
2024/12/16 19:19:45.463809274,-1303.5917390270522
2024/12/16 19:19:45.565435538,-903.6660336923534
2024/12/16 19:19:45.663535527,-474.2251006080651
2024/12/16 19:19:45.762347927,-273.10627113168835
2024/12/16 19:19:45.861759639,-300.51449233092313
2024/12/16 19:19:45.964144699,-77.27965143253404
2024/12/16 19:19:46.61235143,-431.8494612350174
2024/12/16 19:19:46.164787728,-973.4177927851587
2024/12/16 19:19:46.263985451,-1168.0258356906966
2024/12/16 19:19:46.360110766,-1141.3504258536075
2024/12/16 19:19:46.461904515,-621.4329821012687
2024/12/16 19:19:46.561758551,-257.30353405590614
2024/12/16 19:19:46.659871986,-237.6429016007337
2024/12/16 19:19:46.761059083,-305.07128828849176
2024/12/16 19:19:46.861703586,-105.86767627810616
2024/12/16 19:19:46.965085947,-446.5421170154894
2024/12/16 19:19:47.60874873,-974.4325325344796
2024/12/16 19:19:47.163979111,-1152.145709399762
2024/12/16 19:19:47.264852387,-1110.6197075617526
2024/12/16 19:19:47.363777008,-647.6922263712504
2024/12/16 19:19:47.462158790,-307.0185520066691
2024/12/16 19:19:47.563109563,-222.1727284338381
2024/12/16 19:19:47.662608754,-269.59934657896105
2024/12/16 19:19:47.761877816,-228.18229729287987
2024/12/16 19:19:47.862283171,-112.85088471156881
2024/12/16 19:19:47.964460537,953.9241073649464
2024/12/16 19:19:48.64199655,1406.5457771285064
2024/12/16 19:19:48.167039171,1410.621235492276
2024/12/16 19:19:48.268187015,1233.1126765059112
2024/12/16 19:19:48.364734456,1297.9203954820046
2024/12/16 19:19:48.464305507,1401.8591942695484
2024/12/16 19:19:48.563288907,1400.6307156040439
2024/12/16 19:19:48.664834464,1379.3737816679911
2024/12/16 19:19:48.762695851,1425.3573450134777
2024/12/16 19:19:48.866355205,1468.9817237842174
2024/12/16 19:19:48.961468996,1517.3351828871482
2024/12/16 19:19:49.64280925,1538.965491659811
2024/12/16 19:19:49.161484552,1600.1480004149962
2024/12/16 19:19:49.259959229,1647.9661326193693
2024/12/16 19:19:49.371008561,1131.2977469374628
2024/12/16 19:19:49.460311732,686.1099658813145
2024/12/16 19:19:49.564003582,0.0
2024/12/16 19:19:49.664769438,-116.07268824786092
2024/12/16 19:19:49.764659269,595.7131019372812
2024/12/16 19:19:49.863031172,1087.1860379490388
2024/12/16 19:19:49.965412911,1227.8585405148658
2024/12/16 19:19:50.62020056,1116.3831912456749
2024/12/16 19:19:50.164183100,1112.6673195212545
2024/12/16 19:19:50.264036870,1242.7034232357807
2024/12/16 19:19:50.363761004,1349.7563539266466
2024/12/16 19:19:50.463098232,1357.0224772850868
2024/12/16 19:19:50.565161613,1318.49441843062
2024/12/16 19:19:50.665584379,1333.741016638077
2024/12/16 19:19:50.766133497,1387.6864260821062
2024/12/16 19:19:50.865595264,1420.1712701596991
2024/12/16 19:19:50.970826793,1423.2716220094903
2024/12/16 19:19:51.62198844,1463.7018953738284
2024/12/16 19:19:51.165384218,1516.7880095553446
2024/12/16 19:19:51.266244283,1087.3470764710564
2024/12/16 19:19:51.362818757,594.3537955059662
2024/12/16 19:19:51.460825449,354.48763485227147
2024/12/16 19:19:51.560565390,-903.6944875039806
2024/12/16 19:19:51.662589005,-1382.046961912758
2024/12/16 19:19:51.760160821,-1482.668324734711
2024/12/16 19:19:51.860413121,-1265.932679787562
2024/12/16 19:19:51.969935437,-1332.552312297357
2024/12/16 19:19:52.60575790,-1387.2038912972268
2024/12/16 19:19:52.163969993,-1368.687475605034
2024/12/16 19:19:52.263811514,-1397.2079868064895
2024/12/16 19:19:52.362588998,-1433.225075413955
2024/12/16 19:19:52.464746027,-1449.9311816800594
2024/12/16 19:19:52.563152029,-1485.823603104865
2024/12/16 19:19:52.664769582,-1510.0001801934845
2024/12/16 19:19:52.765273751,-1521.8406174624029
2024/12/16 19:19:52.865042653,-1571.0344260007673
2024/12/16 19:19:52.965951311,-1553.078098160689
2024/12/16 19:19:53.63490862,-1581.584955812584
2024/12/16 19:19:53.164093060,-1618.144193163457
2024/12/16 19:19:53.263478283,-1658.7636380746126
2024/12/16 19:19:53.364930059,-1666.6512810504087
2024/12/16 19:19:53.467707502,-1727.5805628632256
2024/12/16 19:19:53.564616903,-1733.0111763485227
2024/12/16 19:19:53.664593995,-1319.8820472294422
2024/12/16 19:19:53.762817919,-854.127541637318
2024/12/16 19:19:53.863310421,-357.49193686963486
2024/12/16 19:19:53.964877063,649.2838384775174
2024/12/16 19:19:54.60583537,0.0
2024/12/16 19:19:54.162891868,-785.5821313861491
2024/12/16 19:19:54.261366407,-1053.8948100923576
2024/12/16 19:19:54.364028545,-1053.9416449700032
2024/12/16 19:19:54.465706391,-1104.7449120540934
2024/12/16 19:19:54.560628729,-1176.0876504036855
2024/12/16 19:19:54.666172494,-1278.6890542257674
2024/12/16 19:19:54.765786387,-1346.7022635876153
2024/12/16 19:19:54.865416147,-1286.285262567348
2024/12/16 19:19:54.965869805,-852.9350338696006
2024/12/16 19:19:55.60333622,-445.80333407615547
2024/12/16 19:19:55.164194427,220.81788108735878
2024/12/16 19:19:55.264472834,-280.76453950253347
2024/12/16 19:19:55.364062570,-979.3407483509142
2024/12/16 19:19:55.464165950,-1261.8872727109015
2024/12/16 19:19:55.565954640,-1119.9291755596919
2024/12/16 19:19:55.662858857,-1092.0224991283194
2024/12/16 19:19:55.764852751,-1260.4446728276355
2024/12/16 19:19:55.863028034,-860.1279461957078
2024/12/16 19:19:55.965211333,0.0
2024/12/16 19:19:56.65156931,303.96311791973864
2024/12/16 19:19:56.162232217,404.44824388419084
2024/12/16 19:19:56.262074429,363.3440057492857
2024/12/16 19:19:56.362233723,176.8299727246879
2024/12/16 19:19:56.462926114,70.1800915461069
2024/12/16 19:19:56.566060048,-816.7473458982694
2024/12/16 19:19:56.660892494,-1266.6803560702024
2024/12/16 19:19:56.762060705,-1273.693374005894
2024/12/16 19:19:56.860778918,-1190.775920886881
2024/12/16 19:19:56.960656254,-1225.7274344482264
2024/12/16 19:19:57.61548252,-831.1721777026387
2024/12/16 19:19:57.163200895,-428.29539847996506
2024/12/16 19:19:57.262162437,-229.87729948393974
2024/12/16 19:19:57.364902555,-276.4863737931807
2024/12/16 19:19:57.464549310,-286.97243869394714
2024/12/16 19:19:57.564883614,-69.03463959497881
2024/12/16 19:19:57.665368877,-423.27353449125343
2024/12/16 19:19:57.765585957,-943.997705525902
2024/12/16 19:19:57.865610238,-1131.4942938305444
2024/12/16 19:19:57.965860564,-644.5483274008487
2024/12/16 19:19:58.62049962,-142.08922800365272
2024/12/16 19:19:58.163303242,-171.86693869426475
2024/12/16 19:19:58.263806410,-281.34648978817347
2024/12/16 19:19:58.363200991,-191.55185021625726
2024/12/16 19:19:58.462957898,-16.15310726386455
2024/12/16 19:19:58.564916711,0.0
2024/12/16 19:19:58.664018947,0.0
2024/12/16 19:19:58.763247008,0.0
2024/12/16 19:19:58.864211091,0.0
2024/12/16 19:19:58.966082718,0.0
2024/12/16 19:19:59.63159772,0.0
2024/12/16 19:19:59.160261476,0.0
2024/12/16 19:19:59.260741820,0.0
2024/12/16 19:19:59.360663982,0.0
2024/12/16 19:19:59.460192636,0.0
2024/12/16 19:19:59.566258059,0.0
2024/12/16 19:19:59.661537297,0.0
2024/12/16 19:19:59.763164974,0.0
2024/12/16 19:19:59.862405486,0.0
2024/12/16 19:19:59.967242626,0.0
2024/12/16 19:20:00.62668396,0.0
2024/12/16 19:20:00.163312414,0.0
2024/12/16 19:20:00.263831077,0.0
2024/12/16 19:20:00.364333262,0.0
2024/12/16 19:20:00.462955806,0.0
2024/12/16 19:20:00.563435681,0.0
2024/12/16 19:20:00.662356931,0.0
2024/12/16 19:20:00.762145275,0.0
2024/12/16 19:20:00.863475684,0.0
2024/12/16 19:20:00.963704386,0.0
2024/12/16 19:20:01.62369646,0.0
2024/12/16 19:20:01.162239870,0.0
2024/12/16 19:20:01.262337494,0.0
2024/12/16 19:20:01.363833398,0.0
2024/12/16 19:20:01.463480339,0.0
2024/12/16 19:20:01.562366195,0.0
2024/12/16 19:20:01.661199906,0.0
2024/12/16 19:20:01.761637975,0.0
2024/12/16 19:20:01.861324289,0.0
2024/12/16 19:20:01.960987245,0.0
2024/12/16 19:20:02.61149897,0.0
2024/12/16 19:20:02.162236323,0.0
2024/12/16 19:20:02.263593474,0.0
2024/12/16 19:20:02.364737723,0.0
2024/12/16 19:20:02.463628717,0.0
2024/12/16 19:20:02.563642133,0.0
2024/12/16 19:20:02.663674226,0.0
2024/12/16 19:20:02.764952339,0.0
2024/12/16 19:20:02.863321894,0.0
2024/12/16 19:20:02.964362373,0.0
2024/12/16 19:20:03.62746973,0.0
2024/12/16 19:20:03.168471866,0.0
2024/12/16 19:20:03.262112509,0.0
2024/12/16 19:20:03.363331725,0.0
2024/12/16 19:20:03.464674942,0.0
2024/12/16 19:20:03.562305828,0.0
2024/12/16 19:20:03.662118069,0.0
2024/12/16 19:20:03.763767306,0.0
2024/12/16 19:20:03.864016394,0.0
2024/12/16 19:20:03.964327502,0.0
2024/12/16 19:20:04.62041894,0.0
2024/12/16 19:20:04.162798921,0.0
2024/12/16 19:20:04.260483518,0.0
2024/12/16 19:20:04.361860546,0.0
2024/12/16 19:20:04.461606085,0.0
2024/12/16 19:20:04.560267401,0.0
2024/12/16 19:20:04.665802794,0.0
2024/12/16 19:20:04.760770773,0.0
2024/12/16 19:20:04.862512231,0.0
2024/12/16 19:20:04.964677298,0.0
2024/12/16 19:20:05.64029178,0.0
2024/12/16 19:20:05.163305415,0.0
2024/12/16 19:20:05.263383254,0.0
2024/12/16 19:20:05.363314213,0.0
2024/12/16 19:20:05.462699815,0.0
2024/12/16 19:20:05.562287960,0.0
2024/12/16 19:20:05.662813061,0.0
2024/12/16 19:20:05.762387441,0.0
2024/12/16 19:20:05.863957298,0.0
2024/12/16 19:20:05.965672057,0.0
2024/12/16 19:20:06.64352406,0.0
2024/12/16 19:20:06.163381618,0.0
2024/12/16 19:20:06.263442603,0.0
2024/12/16 19:20:06.362233350,0.0
2024/12/16 19:20:06.462666542,0.0
2024/12/16 19:20:06.563290205,0.0
2024/12/16 19:20:06.663053605,0.0
2024/12/16 19:20:06.762817147,0.0
2024/12/16 19:20:06.863744355,0.0
2024/12/16 19:20:06.961121143,0.0
2024/12/16 19:20:07.60921376,0.0
2024/12/16 19:20:07.160924963,0.0
2024/12/16 19:20:07.261312032,0.0
2024/12/16 19:20:07.363915968,0.0
2024/12/16 19:20:07.464278565,0.0
2024/12/16 19:20:07.563301444,0.0
2024/12/16 19:20:07.663216256,0.0
2024/12/16 19:20:07.762361340,0.0
2024/12/16 19:20:07.863515864,0.0
2024/12/16 19:20:07.964902762,0.0
2024/12/16 19:20:08.62933268,0.0
2024/12/16 19:20:08.162522618,0.0
2024/12/16 19:20:08.265489560,0.0
2024/12/16 19:20:08.362575688,0.0
2024/12/16 19:20:08.462499908,0.0
2024/12/16 19:20:08.563737408,0.0
2024/12/16 19:20:08.663632571,0.0
2024/12/16 19:20:08.763376294,0.0
2024/12/16 19:20:08.863349898,0.0
2024/12/16 19:20:08.966093733,0.0
2024/12/16 19:20:09.64189699,0.0
2024/12/16 19:20:09.162907651,0.0
2024/12/16 19:20:09.264278510,0.0
2024/12/16 19:20:09.360991525,0.0
2024/12/16 19:20:09.460918916,0.0
2024/12/16 19:20:09.560965001,0.0
2024/12/16 19:20:09.660454274,0.0
2024/12/16 19:20:09.764451211,0.0
2024/12/16 19:20:09.861570224,0.0
2024/12/16 19:20:09.964762443,0.0
2024/12/16 19:20:10.64572127,0.0
2024/12/16 19:20:10.163476525,0.0
2024/12/16 19:20:10.262789101,0.0
2024/12/16 19:20:10.365250259,0.0
2024/12/16 19:20:10.464284104,0.0
2024/12/16 19:20:10.565911252,0.0
2024/12/16 19:20:10.664751507,0.0
2024/12/16 19:20:10.764284398,0.0
2024/12/16 19:20:10.862551614,0.0
2024/12/16 19:20:10.963864215,0.0
2024/12/16 19:20:11.63754619,0.0
2024/12/16 19:20:11.163582435,0.0
2024/12/16 19:20:11.264192938,0.0
2024/12/16 19:20:11.363846983,0.0
2024/12/16 19:20:11.462536215,0.0
2024/12/16 19:20:11.562946011,0.0
2024/12/16 19:20:11.663488269,0.0
2024/12/16 19:20:11.763101423,0.0
2024/12/16 19:20:11.862017540,0.0
2024/12/16 19:20:11.961308827,0.0
2024/12/16 19:20:12.61248311,0.0
2024/12/16 19:20:12.160887855,0.0
2024/12/16 19:20:12.264790575,0.0
2024/12/16 19:20:12.361375702,0.0
2024/12/16 19:20:12.463993254,0.0
2024/12/16 19:20:12.563970097,0.0
2024/12/16 19:20:12.663868310,0.0
2024/12/16 19:20:12.764508432,0.0
2024/12/16 19:20:12.862945505,0.0
2024/12/16 19:20:12.964598150,0.0
2024/12/16 19:20:13.62479550,0.0
2024/12/16 19:20:13.164068620,0.0
2024/12/16 19:20:13.263987616,0.0
2024/12/16 19:20:13.363903105,0.0
2024/12/16 19:20:13.463238978,0.0
2024/12/16 19:20:13.562813961,0.0
2024/12/16 19:20:13.663593577,0.0
2024/12/16 19:20:13.763204505,0.0
2024/12/16 19:20:13.862809372,0.0
2024/12/16 19:20:13.965996566,0.0
2024/12/16 19:20:14.62650283,0.0
2024/12/16 19:20:14.162843180,0.0
2024/12/16 19:20:14.262606071,0.0
2024/12/16 19:20:14.365087086,0.0
2024/12/16 19:20:14.460860384,0.0
2024/12/16 19:20:14.561731357,0.0
2024/12/16 19:20:14.661814777,0.0
2024/12/16 19:20:14.760662926,0.0
2024/12/16 19:20:14.862860472,0.0
2024/12/16 19:20:14.961788172,0.0
2024/12/16 19:20:15.63052052,0.0
2024/12/16 19:20:15.163644131,0.0
2024/12/16 19:20:15.264860222,0.0
2024/12/16 19:20:15.363898927,0.0
2024/12/16 19:20:15.464685508,0.0
2024/12/16 19:20:15.565924487,0.0
2024/12/16 19:20:15.662917919,0.0
2024/12/16 19:20:15.764690895,0.0
2024/12/16 19:20:15.863335242,0.0
2024/12/16 19:20:15.963602902,0.0
2024/12/16 19:20:16.63365912,0.0
2024/12/16 19:20:16.163933112,0.0
2024/12/16 19:20:16.263462459,0.0
2024/12/16 19:20:16.362851773,0.0
2024/12/16 19:20:16.462928951,0.0
2024/12/16 19:20:16.563289501,0.0
2024/12/16 19:20:16.663484896,0.0
2024/12/16 19:20:16.762932459,0.0
2024/12/16 19:20:16.864450196,0.0
2024/12/16 19:20:16.963269672,0.0
2024/12/16 19:20:17.64298242,0.0
2024/12/16 19:20:17.163016880,0.0
2024/12/16 19:20:17.260841192,0.0
2024/12/16 19:20:17.365039012,0.0
2024/12/16 19:20:17.462059240,0.0
2024/12/16 19:20:17.563903293,0.0
2024/12/16 19:20:17.663589968,0.0
2024/12/16 19:20:17.764161375,0.0
2024/12/16 19:20:17.863317971,0.0
2024/12/16 19:20:17.964762365,0.0
2024/12/16 19:20:18.63549324,0.0
2024/12/16 19:20:18.164020927,0.0
2024/12/16 19:20:18.263426419,0.0
2024/12/16 19:20:18.363219070,0.0
2024/12/16 19:20:18.462884289,0.0
2024/12/16 19:20:18.563355051,0.0
2024/12/16 19:20:18.662821500,0.0
2024/12/16 19:20:18.762654197,0.0
2024/12/16 19:20:18.864185848,0.0
2024/12/16 19:20:18.964741489,0.0
2024/12/16 19:20:19.65235350,0.0
2024/12/16 19:20:19.162905017,0.0
2024/12/16 19:20:19.263807408,0.0
2024/12/16 19:20:19.363101384,0.0
2024/12/16 19:20:19.464835544,0.0
2024/12/16 19:20:19.561697418,0.0
2024/12/16 19:20:19.661446043,0.0
2024/12/16 19:20:19.761543086,0.0
2024/12/16 19:20:19.861318074,0.0
2024/12/16 19:20:19.967926612,0.0
2024/12/16 19:20:20.61326567,0.0
2024/12/16 19:20:20.163426556,0.0
2024/12/16 19:20:20.265825893,0.0
2024/12/16 19:20:20.363858452,0.0
2024/12/16 19:20:20.464059480,0.0
2024/12/16 19:20:20.563201289,0.0
2024/12/16 19:20:20.662996501,0.0
2024/12/16 19:20:20.764362215,0.0
2024/12/16 19:20:20.863444504,0.0
2024/12/16 19:20:20.965188477,0.0
2024/12/16 19:20:21.63849126,0.0
2024/12/16 19:20:21.164132152,0.0
2024/12/16 19:20:21.264373099,0.0
2024/12/16 19:20:21.364882480,0.0
2024/12/16 19:20:21.464721078,0.0
2024/12/16 19:20:21.563821421,0.0
2024/12/16 19:20:21.663035969,0.0
2024/12/16 19:20:21.764273060,0.0
2024/12/16 19:20:21.864449686,0.0
2024/12/16 19:20:21.967034622,0.0
2024/12/16 19:20:22.61156597,0.0
2024/12/16 19:20:22.162738906,0.0
2024/12/16 19:20:22.262824584,0.0
2024/12/16 19:20:22.361093161,0.0
2024/12/16 19:20:22.466069321,0.0
2024/12/16 19:20:22.561172292,0.0
2024/12/16 19:20:22.664432457,0.0
2024/12/16 19:20:22.764824104,0.0
2024/12/16 19:20:22.862106711,0.0
2024/12/16 19:20:22.965225750,0.0
2024/12/16 19:20:23.63678569,0.0
2024/12/16 19:20:23.164225126,0.0
2024/12/16 19:20:23.264514235,0.0
2024/12/16 19:20:23.366389326,0.0
2024/12/16 19:20:23.463095590,0.0
2024/12/16 19:20:23.563598135,0.0
2024/12/16 19:20:23.663544097,0.0
2024/12/16 19:20:23.763875018,0.0
2024/12/16 19:20:23.863271173,0.0
2024/12/16 19:20:23.964340618,0.0
2024/12/16 19:20:24.62882625,0.0
2024/12/16 19:20:24.163746433,0.0
2024/12/16 19:20:24.265292526,0.0
2024/12/16 19:20:24.363563074,0.0
2024/12/16 19:20:24.463605786,0.0
2024/12/16 19:20:24.565743720,0.0
2024/12/16 19:20:24.662970364,0.0
2024/12/16 19:20:24.763002431,0.0
2024/12/16 19:20:24.861190786,0.0
2024/12/16 19:20:24.961686949,0.0
2024/12/16 19:20:25.61462118,0.0
2024/12/16 19:20:25.164052684,0.0
2024/12/16 19:20:25.263415661,0.0
2024/12/16 19:20:25.363232332,0.0
2024/12/16 19:20:25.463833949,0.0
2024/12/16 19:20:25.564603212,0.0
2024/12/16 19:20:25.663077928,0.0
2024/12/16 19:20:25.765193400,0.0
2024/12/16 19:20:25.865227327,0.0
2024/12/16 19:20:25.963979035,0.0
2024/12/16 19:20:26.63630053,0.0
2024/12/16 19:20:26.163228748,0.0
2024/12/16 19:20:26.263824386,0.0
2024/12/16 19:20:26.363283932,0.0
2024/12/16 19:20:26.463214658,0.0
2024/12/16 19:20:26.564599840,0.0
2024/12/16 19:20:26.665310506,0.0
2024/12/16 19:20:26.763746735,0.0
2024/12/16 19:20:26.864653994,0.0
2024/12/16 19:20:26.964701418,0.0
2024/12/16 19:20:27.69134750,0.0
2024/12/16 19:20:27.161984662,0.0
2024/12/16 19:20:27.261777765,0.0
2024/12/16 19:20:27.361980344,0.0
2024/12/16 19:20:27.464352565,0.0
2024/12/16 19:20:27.564551334,0.0
2024/12/16 19:20:27.665434871,0.0
2024/12/16 19:20:27.764486985,0.0
2024/12/16 19:20:27.864820890,0.0
2024/12/16 19:20:27.963650441,0.0
2024/12/16 19:20:28.66647367,0.0
2024/12/16 19:20:28.164013390,0.0
2024/12/16 19:20:28.263421416,0.0
2024/12/16 19:20:28.363270039,0.0
2024/12/16 19:20:28.463302889,0.0
2024/12/16 19:20:28.563276877,0.0
2024/12/16 19:20:28.663701758,0.0
2024/12/16 19:20:28.763197807,0.0
2024/12/16 19:20:28.863582051,0.0
2024/12/16 19:20:28.964786496,0.0
2024/12/16 19:20:29.63560224,0.0
2024/12/16 19:20:29.164235444,0.0
2024/12/16 19:20:29.263632094,0.0
2024/12/16 19:20:29.363264898,0.0
2024/12/16 19:20:29.463754726,0.0
2024/12/16 19:20:29.563527618,0.0
2024/12/16 19:20:29.661312448,0.0
2024/12/16 19:20:29.762262720,0.0
2024/12/16 19:20:29.862108408,0.0
2024/12/16 19:20:29.962495053,0.0
2024/12/16 19:20:30.64201222,0.0
2024/12/16 19:20:30.161895810,0.0
2024/12/16 19:20:30.264140387,0.0
2024/12/16 19:20:30.364223702,0.0
2024/12/16 19:20:30.463820603,0.0
2024/12/16 19:20:30.564973131,0.0
2024/12/16 19:20:30.664195428,0.0
2024/12/16 19:20:30.763265581,0.0
2024/12/16 19:20:30.865065785,0.0
2024/12/16 19:20:30.963837580,0.0
2024/12/16 19:20:31.63171148,0.0
2024/12/16 19:20:31.163428642,0.0
2024/12/16 19:20:31.264070715,0.0
2024/12/16 19:20:31.363214808,0.0
2024/12/16 19:20:31.465622272,0.0
2024/12/16 19:20:31.564107642,0.0
2024/12/16 19:20:31.663981235,0.0
2024/12/16 19:20:31.764421537,0.0
2024/12/16 19:20:31.865639895,0.0
2024/12/16 19:20:31.967179010,0.0
2024/12/16 19:20:32.63449133,0.0
2024/12/16 19:20:32.166105708,0.0
2024/12/16 19:20:32.261378319,0.0
2024/12/16 19:20:32.362281802,0.0
2024/12/16 19:20:32.461400060,0.0
2024/12/16 19:20:32.561163912,0.0
2024/12/16 19:20:32.666557582,0.0
2024/12/16 19:20:32.763353371,0.0
2024/12/16 19:20:32.863789549,0.0
2024/12/16 19:20:32.965433717,0.0
2024/12/16 19:20:33.63792149,0.0
2024/12/16 19:20:33.163295365,0.0
2024/12/16 19:20:33.263343003,0.0
2024/12/16 19:20:33.364440067,0.0
2024/12/16 19:20:33.463426957,0.0
2024/12/16 19:20:33.563686239,0.0
2024/12/16 19:20:33.664642273,0.0
2024/12/16 19:20:33.765245935,0.0
2024/12/16 19:20:33.863873351,0.0
2024/12/16 19:20:33.968166675,0.0
2024/12/16 19:20:34.64000591,0.0
2024/12/16 19:20:34.164571948,0.0
2024/12/16 19:20:34.263908859,0.0
2024/12/16 19:20:34.365213038,0.0
2024/12/16 19:20:34.463525032,0.0
2024/12/16 19:20:34.565899095,0.0
2024/12/16 19:20:34.664727389,0.0
2024/12/16 19:20:34.761449406,0.0
2024/12/16 19:20:34.863791746,0.0
2024/12/16 19:20:34.962812610,0.0
2024/12/16 19:20:35.61590479,0.0
2024/12/16 19:20:35.165706135,0.0
2024/12/16 19:20:35.262035175,0.0
2024/12/16 19:20:35.364816972,0.0
2024/12/16 19:20:35.463854694,0.0
2024/12/16 19:20:35.563254052,0.0
2024/12/16 19:20:35.663973277,0.0
2024/12/16 19:20:35.763475683,0.0
2024/12/16 19:20:35.863259116,0.0
2024/12/16 19:20:35.966085440,0.0
2024/12/16 19:20:36.63660644,0.0
2024/12/16 19:20:36.161551382,0.0
2024/12/16 19:20:36.263509700,0.0
2024/12/16 19:20:36.366763755,0.0
2024/12/16 19:20:36.464955401,0.0
2024/12/16 19:20:36.563823301,0.0
2024/12/16 19:20:36.664420990,0.0
2024/12/16 19:20:36.764450414,0.0
2024/12/16 19:20:36.863811267,0.0
2024/12/16 19:20:36.965220142,0.0
2024/12/16 19:20:37.63551853,0.0
2024/12/16 19:20:37.164775530,0.0
2024/12/16 19:20:37.268213072,0.0
2024/12/16 19:20:37.362747772,0.0
2024/12/16 19:20:37.462149861,0.0
2024/12/16 19:20:37.562209471,0.0
2024/12/16 19:20:37.661532260,0.0
2024/12/16 19:20:37.765961947,0.0
2024/12/16 19:20:37.862113232,0.0
2024/12/16 19:20:37.968681883,0.0
2024/12/16 19:20:38.65545966,0.0
2024/12/16 19:20:38.164206789,0.0
2024/12/16 19:20:38.263553962,0.0
2024/12/16 19:20:38.364047366,0.0
2024/12/16 19:20:38.463400393,0.0
2024/12/16 19:20:38.564732991,0.0
2024/12/16 19:20:38.663466451,0.0
2024/12/16 19:20:38.765260545,0.0
2024/12/16 19:20:38.863599351,0.0
2024/12/16 19:20:38.967090539,0.0
2024/12/16 19:20:39.63197436,0.0
2024/12/16 19:20:39.165004690,0.0
2024/12/16 19:20:39.265007001,0.0
2024/12/16 19:20:39.363821641,0.0
2024/12/16 19:20:39.466957937,0.0
2024/12/16 19:20:39.565518581,0.0
2024/12/16 19:20:39.663865142,0.0
2024/12/16 19:20:39.763773025,0.0
2024/12/16 19:20:39.862186746,0.0
2024/12/16 19:20:39.964602408,0.0
2024/12/16 19:20:40.62454836,0.0
2024/12/16 19:20:40.162343784,0.0
2024/12/16 19:20:40.262478569,0.0
2024/12/16 19:20:40.363069582,0.0
2024/12/16 19:20:40.463744946,0.0
2024/12/16 19:20:40.565825739,0.0
2024/12/16 19:20:40.664262980,0.0
2024/12/16 19:20:40.764199240,0.0
2024/12/16 19:20:40.865336549,0.0
2024/12/16 19:20:40.965792727,0.0
2024/12/16 19:20:41.63515040,0.0
2024/12/16 19:20:41.165249091,0.0
2024/12/16 19:20:41.264525426,0.0
2024/12/16 19:20:41.365488182,0.0
2024/12/16 19:20:41.465495563,0.0
2024/12/16 19:20:41.566069361,0.0
2024/12/16 19:20:41.664544411,0.0
2024/12/16 19:20:41.763684037,0.0
2024/12/16 19:20:41.864138296,0.0
2024/12/16 19:20:41.966215661,0.0
2024/12/16 19:20:42.64780113,0.0
2024/12/16 19:20:42.164939676,0.0
2024/12/16 19:20:42.263659679,0.0
2024/12/16 19:20:42.365950758,0.0
2024/12/16 19:20:42.461763109,0.0
2024/12/16 19:20:42.562649287,0.0
2024/12/16 19:20:42.664176716,0.0
2024/12/16 19:20:42.761721690,0.0
2024/12/16 19:20:42.862677229,0.0
2024/12/16 19:20:42.963582142,0.0
2024/12/16 19:20:43.65353849,0.0
2024/12/16 19:20:43.163568315,0.0
2024/12/16 19:20:43.264472617,0.0
2024/12/16 19:20:43.363652994,0.0
2024/12/16 19:20:43.463986795,0.0
2024/12/16 19:20:43.563745272,0.0
2024/12/16 19:20:43.664537531,0.0
2024/12/16 19:20:43.765145205,0.0
2024/12/16 19:20:43.865316425,0.0
2024/12/16 19:20:43.972570547,0.0
2024/12/16 19:20:44.67468845,0.0
2024/12/16 19:20:44.164910863,0.0
2024/12/16 19:20:44.265163149,0.0
2024/12/16 19:20:44.365522681,0.0
2024/12/16 19:20:44.465159239,0.0
2024/12/16 19:20:44.564906273,0.0
2024/12/16 19:20:44.665499766,0.0
2024/12/16 19:20:44.765071862,0.0
2024/12/16 19:20:44.864061395,0.0
2024/12/16 19:20:44.962377139,0.0
2024/12/16 19:20:45.62411341,0.0
2024/12/16 19:20:45.162470205,0.0
2024/12/16 19:20:45.261735346,0.0
2024/12/16 19:20:45.365177728,0.0
2024/12/16 19:20:45.462703295,0.0
2024/12/16 19:20:45.564754955,0.0
2024/12/16 19:20:45.664670301,0.0
2024/12/16 19:20:45.764551627,0.0
2024/12/16 19:20:45.863565010,0.0
2024/12/16 19:20:45.964624833,0.0
2024/12/16 19:20:46.64676810,0.0
2024/12/16 19:20:46.164267989,0.0
2024/12/16 19:20:46.264116921,0.0
2024/12/16 19:20:46.363916762,0.0
2024/12/16 19:20:46.464251013,0.0
2024/12/16 19:20:46.563820860,0.0
2024/12/16 19:20:46.664343652,0.0
2024/12/16 19:20:46.764856791,0.0
2024/12/16 19:20:46.864020416,0.0
2024/12/16 19:20:46.966149693,0.0
2024/12/16 19:20:47.63974196,0.0
2024/12/16 19:20:47.164275227,0.0
2024/12/16 19:20:47.264328720,0.0
2024/12/16 19:20:47.364173054,0.0
2024/12/16 19:20:47.464581104,0.0
2024/12/16 19:20:47.564153728,0.0
2024/12/16 19:20:47.663799472,0.0
2024/12/16 19:20:47.762807764,0.0
2024/12/16 19:20:47.863749654,0.0
2024/12/16 19:20:47.973959297,0.0
2024/12/16 19:20:48.62751287,0.0
2024/12/16 19:20:48.165693665,0.0
2024/12/16 19:20:48.263967689,0.0
2024/12/16 19:20:48.364750794,0.0
2024/12/16 19:20:48.465212631,0.0
2024/12/16 19:20:48.564494542,0.0
2024/12/16 19:20:48.664905633,0.0
2024/12/16 19:20:48.764888317,0.0
2024/12/16 19:20:48.864979894,0.0
2024/12/16 19:20:48.966976052,0.0
2024/12/16 19:20:49.63997235,0.0
2024/12/16 19:20:49.165808999,0.0
2024/12/16 19:20:49.264244784,0.0
2024/12/16 19:20:49.366651277,0.0
2024/12/16 19:20:49.464459034,0.0
2024/12/16 19:20:49.564271547,0.0
2024/12/16 19:20:49.663691963,0.0
2024/12/16 19:20:49.765164167,0.0
2024/12/16 19:20:49.865951936,0.0
2024/12/16 19:20:49.967715510,0.0
2024/12/16 19:20:50.63345980,0.0
2024/12/16 19:20:50.162621142,0.0
2024/12/16 19:20:50.262345625,0.0
2024/12/16 19:20:50.362885870,0.0
2024/12/16 19:20:50.462407559,0.0
2024/12/16 19:20:50.562936284,0.0
2024/12/16 19:20:50.665096796,0.0
2024/12/16 19:20:50.764015369,0.0
2024/12/16 19:20:50.865535412,0.0
2024/12/16 19:20:50.966597794,0.0
2024/12/16 19:20:51.65803385,0.0
2024/12/16 19:20:51.164784333,0.0
2024/12/16 19:20:51.265462482,0.0
2024/12/16 19:20:51.366012693,0.0
2024/12/16 19:20:51.466577838,0.0
2024/12/16 19:20:51.563965146,0.0
2024/12/16 19:20:51.665374280,0.0
2024/12/16 19:20:51.764007836,0.0
2024/12/16 19:20:51.864476764,0.0
2024/12/16 19:20:51.965591893,0.0
2024/12/16 19:20:52.65447865,0.0
2024/12/16 19:20:52.165716455,0.0
2024/12/16 19:20:52.264963438,0.0
2024/12/16 19:20:52.364073426,0.0
2024/12/16 19:20:52.464757087,0.0
2024/12/16 19:20:52.566930519,0.0
2024/12/16 19:20:52.664809633,0.0
2024/12/16 19:20:52.763901071,0.0
2024/12/16 19:20:52.864298785,0.0
2024/12/16 19:20:52.962335552,0.0
2024/12/16 19:20:53.64555859,0.0
2024/12/16 19:20:53.167602570,0.0
2024/12/16 19:20:53.266789170,0.0
2024/12/16 19:20:53.363974949,0.0
2024/12/16 19:20:53.464192595,0.0
2024/12/16 19:20:53.567150811,0.0
2024/12/16 19:20:53.664018049,0.0
2024/12/16 19:20:53.764051952,0.0
2024/12/16 19:20:53.866281069,0.0
2024/12/16 19:20:53.966838630,0.0
2024/12/16 19:20:54.65402836,0.0
2024/12/16 19:20:54.165215761,0.0
2024/12/16 19:20:54.264876835,0.0
2024/12/16 19:20:54.365232062,0.0
2024/12/16 19:20:54.467337002,0.0
2024/12/16 19:20:54.565427088,0.0
2024/12/16 19:20:54.664474495,0.0
2024/12/16 19:20:54.763940606,0.0
2024/12/16 19:20:54.864881451,0.0
2024/12/16 19:20:54.965929255,0.0
2024/12/16 19:20:55.64097874,0.0
2024/12/16 19:20:55.162485518,0.0
2024/12/16 19:20:55.263472924,0.0
2024/12/16 19:20:55.362342450,0.0
2024/12/16 19:20:55.463380418,0.0
2024/12/16 19:20:55.567054730,0.0
2024/12/16 19:20:55.662828318,0.0
2024/12/16 19:20:55.763972804,0.0
2024/12/16 19:20:55.865019150,0.0
2024/12/16 19:20:55.966448640,0.0
2024/12/16 19:20:56.65208034,0.0
2024/12/16 19:20:56.165779042,0.0
2024/12/16 19:20:56.265121090,0.0
2024/12/16 19:20:56.364238014,0.0
2024/12/16 19:20:56.464205160,0.0
2024/12/16 19:20:56.565506053,0.0
2024/12/16 19:20:56.665006339,0.0
2024/12/16 19:20:56.765379251,0.0
2024/12/16 19:20:56.865191365,0.0
2024/12/16 19:20:56.966010307,0.0
2024/12/16 19:20:57.64043111,0.0
2024/12/16 19:20:57.163966959,0.0
2024/12/16 19:20:57.264075503,0.0
2024/12/16 19:20:57.364736522,0.0
2024/12/16 19:20:57.465340765,0.0
2024/12/16 19:20:57.564149961,0.0
2024/12/16 19:20:57.666101172,0.0
2024/12/16 19:20:57.762824215,0.0
2024/12/16 19:20:57.863750562,0.0
2024/12/16 19:20:57.962884372,0.0
2024/12/16 19:20:58.62166136,0.0
2024/12/16 19:20:58.167897841,0.0
2024/12/16 19:20:58.262564359,0.0
2024/12/16 19:20:58.364945762,0.0
2024/12/16 19:20:58.465268495,0.0
2024/12/16 19:20:58.565759072,0.0
2024/12/16 19:20:58.664561481,0.0
2024/12/16 19:20:58.765719124,0.0
2024/12/16 19:20:58.865941092,0.0
2024/12/16 19:20:58.965625006,0.0
2024/12/16 19:20:59.64424224,0.0
2024/12/16 19:20:59.165874689,0.0
2024/12/16 19:20:59.264664442,0.0
2024/12/16 19:20:59.364688218,0.0
2024/12/16 19:20:59.465132849,0.0
2024/12/16 19:20:59.565537487,0.0
2024/12/16 19:20:59.664644763,0.0
2024/12/16 19:20:59.764337723,0.0
2024/12/16 19:20:59.865410113,0.0
2024/12/16 19:20:59.968318374,0.0
2024/12/16 19:21:00.65383149,0.0
2024/12/16 19:21:00.164694920,0.0
2024/12/16 19:21:00.263259489,0.0
2024/12/16 19:21:00.363650780,0.0
2024/12/16 19:21:00.463522487,0.0
2024/12/16 19:21:00.562281029,0.0
2024/12/16 19:21:00.663326730,0.0
2024/12/16 19:21:00.762907064,0.0
2024/12/16 19:21:00.864577587,0.0
2024/12/16 19:21:00.964721985,0.0
2024/12/16 19:21:01.65131534,0.0
2024/12/16 19:21:01.164744129,0.0
2024/12/16 19:21:01.265470197,0.0
2024/12/16 19:21:01.364615788,0.0
2024/12/16 19:21:01.466229864,0.0
2024/12/16 19:21:01.566221347,0.0
2024/12/16 19:21:01.666817910,0.0
2024/12/16 19:21:01.765993392,0.0
2024/12/16 19:21:01.864113384,0.0
2024/12/16 19:21:01.971564233,0.0
2024/12/16 19:21:02.65402262,0.0
2024/12/16 19:21:02.164986895,0.0
2024/12/16 19:21:02.265967874,0.0
2024/12/16 19:21:02.364335110,0.0
2024/12/16 19:21:02.465733964,0.0
2024/12/16 19:21:02.566334556,0.0
2024/12/16 19:21:02.663968672,0.0
2024/12/16 19:21:02.765282661,0.0
2024/12/16 19:21:02.862831658,0.0
2024/12/16 19:21:02.963628710,0.0
2024/12/16 19:21:03.63196837,0.0
2024/12/16 19:21:03.162893054,0.0
2024/12/16 19:21:03.265490118,0.0
2024/12/16 19:21:03.362767940,0.0
2024/12/16 19:21:03.466864054,0.0
2024/12/16 19:21:03.565241897,0.0
2024/12/16 19:21:03.664700578,0.0
2024/12/16 19:21:03.764835363,0.0
2024/12/16 19:21:03.865451401,0.0
2024/12/16 19:21:03.966908075,0.0
2024/12/16 19:21:04.65059181,0.0
2024/12/16 19:21:04.165413266,0.0
2024/12/16 19:21:04.266059367,0.0
2024/12/16 19:21:04.364152758,0.0
2024/12/16 19:21:04.465390191,0.0
2024/12/16 19:21:04.565111134,0.0
2024/12/16 19:21:04.665575498,0.0
2024/12/16 19:21:04.764810057,0.0
2024/12/16 19:21:04.864574450,0.0
2024/12/16 19:21:04.966126952,0.0
2024/12/16 19:21:05.63996335,0.0
2024/12/16 19:21:05.165549162,0.0
2024/12/16 19:21:05.265637559,0.0
2024/12/16 19:21:05.363298134,0.0
2024/12/16 19:21:05.463087258,0.0
2024/12/16 19:21:05.563871444,0.0
2024/12/16 19:21:05.662518446,0.0
2024/12/16 19:21:05.764187955,0.0
2024/12/16 19:21:05.863886251,0.0
2024/12/16 19:21:05.966604760,0.0
2024/12/16 19:21:06.66349775,0.0
2024/12/16 19:21:06.167818644,0.0
2024/12/16 19:21:06.264494565,0.0
2024/12/16 19:21:06.364642067,0.0
2024/12/16 19:21:06.464598304,0.0
2024/12/16 19:21:06.564942700,0.0
2024/12/16 19:21:06.665902104,0.0
2024/12/16 19:21:06.764548714,0.0
2024/12/16 19:21:06.866654652,0.0
2024/12/16 19:21:06.966843397,0.0
2024/12/16 19:21:07.66694474,0.0
2024/12/16 19:21:07.165509126,116.30839734363141
2024/12/16 19:21:07.265305876,119.86956878326507
2024/12/16 19:21:07.365301735,116.29099268670373
2024/12/16 19:21:07.465935599,0.0
2024/12/16 19:21:07.564728825,0.0
2024/12/16 19:21:07.665327778,0.0
2024/12/16 19:21:07.765181983,0.0
2024/12/16 19:21:07.863474188,0.0
2024/12/16 19:21:07.962948267,0.0
2024/12/16 19:21:08.64088819,0.0
2024/12/16 19:21:08.163631083,0.0
2024/12/16 19:21:08.266637681,0.0
2024/12/16 19:21:08.367169132,0.0
2024/12/16 19:21:08.463190420,0.0
2024/12/16 19:21:08.565701843,0.0
2024/12/16 19:21:08.665425034,0.0
2024/12/16 19:21:08.765520367,0.0
2024/12/16 19:21:08.865515033,0.0
2024/12/16 19:21:08.967018713,0.0
2024/12/16 19:21:09.65031325,0.0
2024/12/16 19:21:09.165948976,0.0
2024/12/16 19:21:09.265547488,0.0
2024/12/16 19:21:09.365118731,0.0
2024/12/16 19:21:09.464784508,0.0
2024/12/16 19:21:09.565186993,0.0
2024/12/16 19:21:09.666899949,0.0
2024/12/16 19:21:09.764763086,0.0
2024/12/16 19:21:09.865826301,0.0
2024/12/16 19:21:09.965890871,0.0
2024/12/16 19:21:10.66072159,0.0
2024/12/16 19:21:10.165104744,0.0
2024/12/16 19:21:10.265693285,0.0
2024/12/16 19:21:10.367439683,0.0
2024/12/16 19:21:10.463332151,0.0
2024/12/16 19:21:10.563949493,0.0
2024/12/16 19:21:10.663835944,0.0
2024/12/16 19:21:10.762706614,0.0
2024/12/16 19:21:10.863280221,0.0
2024/12/16 19:21:10.967280628,0.0
2024/12/16 19:21:11.64208836,0.0
2024/12/16 19:21:11.165076283,0.0
2024/12/16 19:21:11.266038543,0.0
2024/12/16 19:21:11.366545900,0.0
2024/12/16 19:21:11.465374703,0.0
2024/12/16 19:21:11.565616933,0.0
2024/12/16 19:21:11.665161108,0.0
2024/12/16 19:21:11.766090431,0.0
2024/12/16 19:21:11.866031414,0.0
2024/12/16 19:21:11.966470504,0.0
2024/12/16 19:21:12.66410535,0.0
2024/12/16 19:21:12.164600704,0.0
2024/12/16 19:21:12.265769168,0.0
2024/12/16 19:21:12.365532066,0.0
2024/12/16 19:21:12.465018252,0.0
2024/12/16 19:21:12.565654303,0.0
2024/12/16 19:21:12.667192212,0.0
2024/12/16 19:21:12.766166166,0.0
2024/12/16 19:21:12.864866626,0.0
2024/12/16 19:21:12.967813894,0.0
2024/12/16 19:21:13.63930267,0.0
2024/12/16 19:21:13.163973154,0.0
2024/12/16 19:21:13.263603006,0.0
2024/12/16 19:21:13.362642323,0.0
2024/12/16 19:21:13.469310516,0.0
2024/12/16 19:21:13.563739139,0.0
2024/12/16 19:21:13.668221611,0.0
2024/12/16 19:21:13.766288952,0.0
2024/12/16 19:21:13.866090985,0.0
2024/12/16 19:21:13.966821119,0.0
2024/12/16 19:21:14.65584290,0.0
2024/12/16 19:21:14.165162039,0.0
2024/12/16 19:21:14.264865995,0.0
2024/12/16 19:21:14.364789654,0.0
2024/12/16 19:21:14.465372540,0.0
2024/12/16 19:21:14.566139150,0.0
2024/12/16 19:21:14.664920330,0.0
2024/12/16 19:21:14.765696057,0.0
2024/12/16 19:21:14.867580211,0.0
2024/12/16 19:21:14.968715913,0.0
2024/12/16 19:21:15.65471632,0.0
2024/12/16 19:21:15.165965348,0.0
2024/12/16 19:21:15.264724107,0.0
2024/12/16 19:21:15.365018214,0.0
2024/12/16 19:21:15.466253827,0.0
2024/12/16 19:21:15.563695798,0.0
2024/12/16 19:21:15.665508451,0.0
2024/12/16 19:21:15.763765738,0.0
2024/12/16 19:21:15.862934954,0.0
2024/12/16 19:21:15.965326180,0.0
2024/12/16 19:21:16.63997778,0.0
2024/12/16 19:21:16.166482547,0.0
2024/12/16 19:21:16.264866896,0.0
2024/12/16 19:21:16.365386884,0.0
2024/12/16 19:21:16.466364185,0.0
2024/12/16 19:21:16.565827883,0.0
2024/12/16 19:21:16.665713418,0.0
2024/12/16 19:21:16.766330771,0.0
2024/12/16 19:21:16.866887120,0.0
2024/12/16 19:21:16.966492494,0.0
2024/12/16 19:21:17.64053900,0.0
2024/12/16 19:21:17.164470016,0.0
2024/12/16 19:21:17.265682963,0.0
2024/12/16 19:21:17.364834071,0.0
2024/12/16 19:21:17.464931201,0.0
2024/12/16 19:21:17.564588488,0.0
2024/12/16 19:21:17.665878658,0.0
2024/12/16 19:21:17.764675277,0.0
2024/12/16 19:21:17.864961112,0.0
2024/12/16 19:21:17.967185028,0.0
2024/12/16 19:21:18.65466133,0.0
2024/12/16 19:21:18.163665195,0.0
2024/12/16 19:21:18.263391003,0.0
2024/12/16 19:21:18.363453656,0.0
2024/12/16 19:21:18.463121157,0.0
2024/12/16 19:21:18.567433235,0.0
2024/12/16 19:21:18.665091263,0.0
2024/12/16 19:21:18.765853884,0.0
2024/12/16 19:21:18.866705553,0.0
2024/12/16 19:21:18.971775969,0.0
2024/12/16 19:21:19.66040689,0.0
2024/12/16 19:21:19.167331202,0.0
2024/12/16 19:21:19.265476565,0.0
2024/12/16 19:21:19.365901128,0.0
2024/12/16 19:21:19.466175395,0.0
2024/12/16 19:21:19.564909493,0.0
2024/12/16 19:21:19.665147848,0.0
2024/12/16 19:21:19.768214561,0.0
2024/12/16 19:21:19.866007667,0.0
2024/12/16 19:21:19.967120120,0.0
2024/12/16 19:21:20.65741634,0.0
2024/12/16 19:21:20.165698161,0.0
2024/12/16 19:21:20.265454344,0.0
2024/12/16 19:21:20.365994545,0.0
2024/12/16 19:21:20.465485771,0.0
2024/12/16 19:21:20.566236743,0.0
2024/12/16 19:21:20.663493366,0.0
2024/12/16 19:21:20.764736514,0.0
2024/12/16 19:21:20.864466688,0.0
2024/12/16 19:21:20.963587850,0.0
2024/12/16 19:21:21.63941240,0.0
2024/12/16 19:21:21.166577494,0.0
2024/12/16 19:21:21.265490219,0.0
2024/12/16 19:21:21.364983482,0.0
2024/12/16 19:21:21.467479793,0.0
2024/12/16 19:21:21.565200459,0.0
2024/12/16 19:21:21.667611415,0.0
2024/12/16 19:21:21.765434585,0.0
2024/12/16 19:21:21.866404067,0.0
2024/12/16 19:21:21.966430717,0.0
2024/12/16 19:21:22.66400789,0.0
2024/12/16 19:21:22.165618270,0.0
2024/12/16 19:21:22.265658338,0.0
2024/12/16 19:21:22.365281967,0.0
2024/12/16 19:21:22.467143967,0.0
2024/12/16 19:21:22.567156544,0.0
2024/12/16 19:21:22.667217753,0.0
2024/12/16 19:21:22.765653318,0.0
2024/12/16 19:21:22.865273457,0.0
2024/12/16 19:21:22.966747457,0.0
2024/12/16 19:21:23.64760555,0.0
2024/12/16 19:21:23.164640991,0.0
2024/12/16 19:21:23.266130187,0.0
2024/12/16 19:21:23.363679001,0.0
2024/12/16 19:21:23.463423448,0.0
2024/12/16 19:21:23.562882636,0.0
2024/12/16 19:21:23.668119912,0.0
2024/12/16 19:21:23.765006043,0.0
2024/12/16 19:21:23.866817299,0.0
2024/12/16 19:21:23.966527940,0.0
2024/12/16 19:21:24.65711858,0.0
2024/12/16 19:21:24.166409257,0.0
2024/12/16 19:21:24.265437462,0.0
2024/12/16 19:21:24.366462859,0.0
2024/12/16 19:21:24.466633438,0.0
2024/12/16 19:21:24.565562515,0.0
2024/12/16 19:21:24.666162160,0.0
2024/12/16 19:21:24.765967663,0.0
2024/12/16 19:21:24.866574543,0.0
2024/12/16 19:21:24.968487990,0.0
2024/12/16 19:21:25.65084253,0.0
2024/12/16 19:21:25.165088878,0.0
2024/12/16 19:21:25.266821750,0.0
2024/12/16 19:21:25.365279459,0.0
2024/12/16 19:21:25.465225986,0.0
2024/12/16 19:21:25.565997408,0.0
2024/12/16 19:21:25.668066124,0.0
2024/12/16 19:21:25.764528732,0.0
2024/12/16 19:21:25.864766952,0.0
2024/12/16 19:21:25.964881475,0.0
2024/12/16 19:21:26.63581087,0.0
2024/12/16 19:21:26.163331133,0.0
2024/12/16 19:21:26.263583883,0.0
2024/12/16 19:21:26.365197013,0.0
2024/12/16 19:21:26.465214818,0.0
2024/12/16 19:21:26.565020693,0.0
2024/12/16 19:21:26.666991299,0.0
2024/12/16 19:21:26.765687590,0.0
2024/12/16 19:21:26.866679327,0.0
2024/12/16 19:21:26.965703334,0.0
2024/12/16 19:21:27.65234200,0.0
2024/12/16 19:21:27.165146738,0.0
2024/12/16 19:21:27.265489993,0.0
2024/12/16 19:21:27.365655734,0.0
2024/12/16 19:21:27.468279267,0.0
2024/12/16 19:21:27.565145705,0.0
2024/12/16 19:21:27.667784690,0.0
2024/12/16 19:21:27.765449555,0.0
2024/12/16 19:21:27.865851339,0.0
2024/12/16 19:21:27.969346462,0.0
2024/12/16 19:21:28.65447693,0.0
2024/12/16 19:21:28.165538163,0.0
2024/12/16 19:21:28.266105518,0.0
2024/12/16 19:21:28.363587587,0.0
2024/12/16 19:21:28.464275170,0.0
2024/12/16 19:21:28.564441730,0.0
2024/12/16 19:21:28.663090733,0.0
2024/12/16 19:21:28.767836191,0.0
2024/12/16 19:21:28.863815941,0.0
2024/12/16 19:21:28.968187586,0.0
2024/12/16 19:21:29.65908162,0.0
2024/12/16 19:21:29.166188377,0.0
2024/12/16 19:21:29.265382351,0.0
2024/12/16 19:21:29.366528361,0.0
2024/12/16 19:21:29.466289298,0.0
2024/12/16 19:21:29.566560341,0.0
2024/12/16 19:21:29.665944811,0.0
2024/12/16 19:21:29.765284971,0.0
2024/12/16 19:21:29.864193438,0.0
2024/12/16 19:21:29.974139943,0.0
2024/12/16 19:21:30.65342791,0.0
2024/12/16 19:21:30.166434872,0.0
2024/12/16 19:21:30.266767020,0.0
2024/12/16 19:21:30.366902637,0.0
2024/12/16 19:21:30.466673800,0.0
2024/12/16 19:21:30.567286478,0.0
2024/12/16 19:21:30.666457146,0.0
2024/12/16 19:21:30.765809945,0.0
2024/12/16 19:21:30.864254895,0.0
2024/12/16 19:21:30.963776609,0.0
2024/12/16 19:21:31.63994049,0.0
2024/12/16 19:21:31.163741874,0.0
2024/12/16 19:21:31.263547311,0.0
2024/12/16 19:21:31.365012918,0.0
2024/12/16 19:21:31.465435117,0.0
2024/12/16 19:21:31.566860636,0.0
2024/12/16 19:21:31.666697781,0.0
2024/12/16 19:21:31.766214064,0.0
2024/12/16 19:21:31.866314360,0.0
2024/12/16 19:21:31.968121265,0.0
2024/12/16 19:21:32.65879173,0.0
2024/12/16 19:21:32.165653786,0.0
2024/12/16 19:21:32.267269805,0.0
2024/12/16 19:21:32.365290651,0.0
2024/12/16 19:21:32.467782891,0.0
2024/12/16 19:21:32.568633912,0.0
2024/12/16 19:21:32.666505807,0.0
2024/12/16 19:21:32.765632768,0.0
2024/12/16 19:21:32.865939464,0.0
2024/12/16 19:21:32.969059039,0.0
2024/12/16 19:21:33.65329013,0.0
2024/12/16 19:21:33.165509733,0.0
2024/12/16 19:21:33.265363916,0.0
2024/12/16 19:21:33.366389571,0.0
2024/12/16 19:21:33.464867471,0.0
2024/12/16 19:21:33.563819100,0.0
2024/12/16 19:21:33.663900627,0.0
2024/12/16 19:21:33.763328147,0.0
2024/12/16 19:21:33.866394561,0.0
2024/12/16 19:21:33.964059135,0.0
2024/12/16 19:21:34.65901122,0.0
2024/12/16 19:21:34.167443767,0.0
2024/12/16 19:21:34.266703689,0.0
2024/12/16 19:21:34.367216419,0.0
2024/12/16 19:21:34.466320059,0.0
2024/12/16 19:21:34.567290913,0.0
2024/12/16 19:21:34.667130832,0.0
2024/12/16 19:21:34.767012832,0.0
2024/12/16 19:21:34.865590365,0.0
2024/12/16 19:21:34.968270612,0.0
2024/12/16 19:21:35.66180639,0.0
2024/12/16 19:21:35.167937941,0.0
2024/12/16 19:21:35.266120472,0.0
2024/12/16 19:21:35.366642138,0.0
2024/12/16 19:21:35.466066397,0.0
2024/12/16 19:21:35.565629041,0.0
2024/12/16 19:21:35.665732143,0.0
2024/12/16 19:21:35.765440700,0.0
2024/12/16 19:21:35.866023900,0.0
2024/12/16 19:21:35.968783631,0.0
2024/12/16 19:21:36.63447618,0.0
2024/12/16 19:21:36.165035009,0.0
2024/12/16 19:21:36.263537985,0.0
2024/12/16 19:21:36.363602104,0.0
2024/12/16 19:21:36.471489103,0.0
2024/12/16 19:21:36.563970320,0.0
2024/12/16 19:21:36.666169461,0.0
2024/12/16 19:21:36.765906967,0.0
2024/12/16 19:21:36.867581554,0.0
2024/12/16 19:21:36.968330752,0.0
2024/12/16 19:21:37.65492139,0.0
2024/12/16 19:21:37.166273929,0.0
2024/12/16 19:21:37.266517441,0.0
2024/12/16 19:21:37.365526844,0.0
2024/12/16 19:21:37.465595296,0.0
2024/12/16 19:21:37.565661706,0.0
2024/12/16 19:21:37.666505536,0.0
2024/12/16 19:21:37.767286053,0.0
2024/12/16 19:21:37.866801958,0.0
2024/12/16 19:21:37.968799253,0.0
2024/12/16 19:21:38.66357104,0.0
2024/12/16 19:21:38.167574049,0.0
2024/12/16 19:21:38.266821661,0.0
2024/12/16 19:21:38.365606778,0.0
2024/12/16 19:21:38.465626163,0.0
2024/12/16 19:21:38.564131289,0.0
2024/12/16 19:21:38.664256133,0.0
2024/12/16 19:21:38.764156761,0.0
2024/12/16 19:21:38.867103319,0.0
2024/12/16 19:21:38.975227108,0.0
2024/12/16 19:21:39.64885736,0.0
2024/12/16 19:21:39.165300477,0.0
2024/12/16 19:21:39.267001773,0.0
2024/12/16 19:21:39.367041335,0.0
2024/12/16 19:21:39.467553727,0.0
2024/12/16 19:21:39.565520346,0.0
2024/12/16 19:21:39.667442414,0.0
2024/12/16 19:21:39.765703792,0.0
2024/12/16 19:21:39.866943548,0.0
2024/12/16 19:21:39.965936726,0.0
2024/12/16 19:21:40.66730616,0.0
2024/12/16 19:21:40.167224098,0.0
2024/12/16 19:21:40.265951001,0.0
2024/12/16 19:21:40.366386069,0.0
2024/12/16 19:21:40.466386611,0.0
2024/12/16 19:21:40.567759312,0.0
2024/12/16 19:21:40.666613592,0.0
2024/12/16 19:21:40.766793077,0.0
2024/12/16 19:21:40.867251030,0.0
2024/12/16 19:21:40.969516435,0.0
2024/12/16 19:21:41.67322514,0.0
2024/12/16 19:21:41.164165032,0.0
2024/12/16 19:21:41.264798955,0.0
2024/12/16 19:21:41.364055093,0.0
2024/12/16 19:21:41.463567591,0.0
2024/12/16 19:21:41.568067428,0.0
2024/12/16 19:21:41.664361164,0.0
2024/12/16 19:21:41.766400946,0.0
2024/12/16 19:21:41.868201034,0.0
2024/12/16 19:21:41.967377723,0.0
2024/12/16 19:21:42.67934894,0.0
2024/12/16 19:21:42.166908579,0.0
2024/12/16 19:21:42.266251774,0.0
2024/12/16 19:21:42.365853789,0.0
2024/12/16 19:21:42.468762933,0.0
2024/12/16 19:21:42.567549362,0.0
2024/12/16 19:21:42.667377356,0.0
2024/12/16 19:21:42.766758006,0.0
2024/12/16 19:21:42.868256000,0.0
2024/12/16 19:21:42.968023910,0.0
2024/12/16 19:21:43.65590927,0.0
2024/12/16 19:21:43.166059092,0.0
2024/12/16 19:21:43.267376639,0.0
2024/12/16 19:21:43.366036341,0.0
2024/12/16 19:21:43.466526857,0.0
2024/12/16 19:21:43.567215100,0.0
2024/12/16 19:21:43.664755427,0.0
2024/12/16 19:21:43.764695053,0.0
2024/12/16 19:21:43.864731140,0.0
2024/12/16 19:21:43.964198666,0.0
2024/12/16 19:21:44.64197258,0.0
2024/12/16 19:21:44.170208796,0.0
2024/12/16 19:21:44.264354903,0.0
2024/12/16 19:21:44.366534118,0.0
2024/12/16 19:21:44.468665178,0.0
2024/12/16 19:21:44.566282034,0.0
2024/12/16 19:21:44.665838800,0.0
2024/12/16 19:21:44.765355110,0.0
2024/12/16 19:21:44.866692138,0.0
2024/12/16 19:21:44.967498652,0.0
2024/12/16 19:21:45.66505807,0.0
2024/12/16 19:21:45.167362417,0.0
2024/12/16 19:21:45.267974407,0.0
2024/12/16 19:21:45.367920463,0.0
2024/12/16 19:21:45.466595821,0.0
2024/12/16 19:21:45.567656697,0.0
2024/12/16 19:21:45.665709132,0.0
2024/12/16 19:21:45.767670491,0.0
2024/12/16 19:21:45.867485533,0.0
2024/12/16 19:21:45.967760270,0.0
2024/12/16 19:21:46.66291131,0.0
2024/12/16 19:21:46.167273517,0.0
2024/12/16 19:21:46.263859743,0.0
2024/12/16 19:21:46.365807219,0.0
2024/12/16 19:21:46.465104101,0.0
2024/12/16 19:21:46.565275506,0.0
2024/12/16 19:21:46.668444351,0.0
2024/12/16 19:21:46.764545359,0.0
2024/12/16 19:21:46.867763390,0.0
2024/12/16 19:21:46.969723850,0.0
2024/12/16 19:21:47.68097052,0.0
2024/12/16 19:21:47.167480746,0.0
2024/12/16 19:21:47.266071047,0.0
2024/12/16 19:21:47.367104607,0.0
2024/12/16 19:21:47.467339308,0.0
2024/12/16 19:21:47.566853066,0.0
2024/12/16 19:21:47.667109971,0.0
2024/12/16 19:21:47.766290059,0.0
2024/12/16 19:21:47.867128886,0.0
2024/12/16 19:21:47.968298907,0.0
2024/12/16 19:21:48.67686917,0.0
2024/12/16 19:21:48.167896547,0.0
2024/12/16 19:21:48.266491657,0.0
2024/12/16 19:21:48.366011631,0.0
2024/12/16 19:21:48.468582495,0.0
2024/12/16 19:21:48.565781681,0.0
2024/12/16 19:21:48.667767903,0.0
2024/12/16 19:21:48.770856963,0.0
2024/12/16 19:21:48.864113209,0.0
2024/12/16 19:21:48.965653673,0.0
2024/12/16 19:21:49.64066329,0.0
2024/12/16 19:21:49.166445370,0.0
2024/12/16 19:21:49.264646569,0.0
2024/12/16 19:21:49.368288157,0.0
2024/12/16 19:21:49.465957871,0.0
2024/12/16 19:21:49.567242612,0.0
2024/12/16 19:21:49.667295943,0.0
2024/12/16 19:21:49.766593902,0.0
2024/12/16 19:21:49.868999036,0.0
2024/12/16 19:21:49.967104589,0.0
2024/12/16 19:21:50.66904582,0.0
2024/12/16 19:21:50.166002913,0.0
2024/12/16 19:21:50.266453848,0.0
2024/12/16 19:21:50.366251310,0.0
2024/12/16 19:21:50.467444958,0.0
2024/12/16 19:21:50.568187539,0.0
2024/12/16 19:21:50.665953189,0.0
2024/12/16 19:21:50.768594205,0.0
2024/12/16 19:21:50.866230705,0.0
2024/12/16 19:21:50.968429729,0.0
2024/12/16 19:21:51.66841759,0.0
2024/12/16 19:21:51.166713702,0.0
2024/12/16 19:21:51.266015768,0.0
2024/12/16 19:21:51.364126609,0.0
2024/12/16 19:21:51.465778701,0.0
2024/12/16 19:21:51.564882569,0.0
2024/12/16 19:21:51.664041015,0.0
2024/12/16 19:21:51.771122381,0.0
2024/12/16 19:21:51.864549227,0.0
2024/12/16 19:21:51.967784838,0.0
2024/12/16 19:21:52.67403924,0.0
2024/12/16 19:21:52.167510359,0.0
2024/12/16 19:21:52.267149775,0.0
2024/12/16 19:21:52.367509862,0.0
2024/12/16 19:21:52.466990048,0.0
2024/12/16 19:21:52.567634367,0.0
2024/12/16 19:21:52.669020185,0.0
2024/12/16 19:21:52.765991507,0.0
2024/12/16 19:21:52.866254177,0.0
2024/12/16 19:21:52.972375427,0.0
2024/12/16 19:21:53.67898721,0.0
2024/12/16 19:21:53.167721282,0.0
2024/12/16 19:21:53.266084832,0.0
2024/12/16 19:21:53.368079550,0.0
2024/12/16 19:21:53.466940593,0.0
2024/12/16 19:21:53.566273542,0.0
2024/12/16 19:21:53.665986680,0.0
2024/12/16 19:21:53.767500514,0.0
2024/12/16 19:21:53.868424385,0.0
2024/12/16 19:21:53.965384331,0.0
2024/12/16 19:21:54.64701435,0.0
2024/12/16 19:21:54.165485839,0.0
2024/12/16 19:21:54.263968768,0.0
2024/12/16 19:21:54.371229661,0.0
2024/12/16 19:21:54.464569151,0.0
2024/12/16 19:21:54.566013734,0.0
